1059683
109581
109582
109606
109607
109869
111885
112307
112308
112310
112311
112313
112314
112315
112316
114508
114604
1169408
1169410
1170546
1181150
1187000
1221632
1221633
1222352
1226099
1227887
1227986
1234174
1236394
1237044
1247673
1257604
1266695
1266738
1268020
1280215
1280218
1296071
1362409
1368071
1368082
1368092
1368108
1368110
140534
140877
1428517
1430728
1433557
1442490
1445148
1461973
1474165
1474228
1474244
1474290
1475029
1480926
1483206
1483249
1483255
1483257
1489509
1500620
1500931
1502540
156580
1566948
156842
157118
157579
157858
15869
1592230
1592389
162582
162587
162906
162909
1630316
163125
163200
163685
163841
1640170
1643685
1643713
1650814
1655829
166058
1660598
166166
166520
166658
1670466
1679131
168164
168249
168253
168254
168255
168256
168643
168799
168898
168928
169911
170834
174143
177929
1799339
1834949
1852241
186712
186797
187037
189200
189445
190236
1912422
191273
194068
194138
194315
194441
195253
195258
195721
196071
196849
196854
1980143
1980145
1980148
1980150
198933
199977
199991
201451
201681
202131
2022090
2022377
202403
202733
2028269
2029480
2032785
2046104
209952
211000
211859
211945
212165
212300
212436
2132285
2132295
2142753
2142789
2160456
216083
2161522
2172127
2173782
2173793
2187338
2206280
2206281
2206282
2206285
2206290
2206291
2206292
2206296
2206302
2206305
2206307
2206308
2219528
2219530
2262749
2262752
2404192
2422406
2426168
2454202
2474795
2555396
2559580
2559582
2559583
2559585
2559586
2564830
2586551
2586552
2644602
2644603
2644605
264876
2660825
2682334
2691230
2892245
2892247
2894858
2978092
2980736
2990846
3000170
3108214
3108232
3229121
3238698
3247509
3296469
3296482
3299685
3304347
3304349
3304351
3304356
3311021
3315487
3323169
3359454
3359457
3359458
3359462
3359463
3359467
3359469
3359471
3359473
3359474
3359475
3359478
3359485
3371556
3371598
3371599
353098
353377
354192
3560782
3560783
3560792
3560796
3560801
3595172
3595174
3595177
3642278
3642279
3645790
3656225
3656237
3656244
3656253
3656532
3656534
3656535
3700989
372442
372568
372790
372987
373752
373753
373755
373760
373920
375165
376172
376176
3781860
3781865
3785653
379724
380972
380994
381038
381119
381183
381340
381426
382551
382556
3858494
388396
388841
390918
391160
391251
392499
392517
392518
397014
400206
400253
400508
4085001
418124
418346
418889
419470
419524
421984
422085
422475
425366
425393
425397
425407
427359
427413
428157
428359
429914
430116
432030
432040
432047
433584
437987
442533
445717
445989
446203
446652
446728
448706
449147
450282
450294
450531
451927
452723
453274
453276
453279
4549349
4549356
4549380
4551295
456926
4570571
4687000
4720454
4720475
4720489
4724289
4724325
4791275
4793950
4793952
4793953
4793954
4839726
4839735
4839743
4839744
4839748
500792
504046
508751
512988
5173105
5210891
5218859
5221030
5223345
5250941
525793
5260271
5334118
5334727
5336415
5339562
5339700
5339716
5339717
5340573
5340588
5347620
5347621
5347628
5347629
5347632
5347650
5347657
5347664
5347677
5347683
5347709
5347716
5347739
5347744
5347754
5347766
5347773
5347791
5347800
5347811
5347868
5347884
5347936
5347938
5347950
5347967
5348002
5348017
5348023
5348043
5348067
5348094
5348127
5348130
5348135
5348216
5348298
5348325
5353281
5353282
5353288
5353300
5353301
5353304
5353309
5353315
5353320
5353324
5353325
5353328
5353332
5353333
5353334
5353348
5353353
5353357
5353369
5353370
5353395
5353396
5353416
5353422
5353428
5353429
5353435
5353438
5353470
5353474
5353476
5353481
5353491
5353511
5353525
5353526
5353537
5353540
5353563
5353570
5353582
5353596
5353612
5353614
5353620
535734
5357609
5357769
5357801
5358346
5358351
5358508
5358747
5358749
5358751
5358752
5361291
5361292
5361293
5361296
5361299
5361317
5361324
5361325
5361327
5361328
5361336
5361341
5361351
5361352
5361353
5361365
5361385
5361389
5361400
5361401
5361415
5361494
5361497
5361560
5361561
5361582
5361583
5361587
5361605
5361606
5361638
5361660
5361686
5361693
5361706
5361710
5361721
5361732
5361739
5361740
5361788
5361809
5361811
5361812
5361836
5361854
5361858
5361875
5361879
5361885
5361896
5361911
5362517
5362768
5368287
5369280
5369281
5369282
5369283
5369286
5369288
5369289
5369292
5369305
5369312
5369313
5369316
5369323
5369326
5369328
5369335
5369339
5369340
5369341
5369344
5369347
5369348
5369352
5369353
5369354
5369367
5369371
5369372
5369375
5369376
5369379
5369385
5369386
5369394
5369404
5369409
5369410
5369415
5369427
5369436
5369439
5369447
5369452
5369456
5369460
5369464
5369467
5369468
5369470
5369479
5369482
5369513
5369520
5369547
5369548
5369549
5369550
5369551
5369554
5369557
5369561
5369563
5369569
5369570
5369572
5369574
5369576
5369589
5369593
5369594
5369596
5369618
5369619
5369623
5369627
5369638
5369641
5369642
5369667
5369668
5369674
5369677
5369682
5369688
5369690
5369694
5369699
5369701
5369704
5369706
5369716
5369718
5369719
5369722
5369743
5369765
5369766
5369776
5369780
5369781
5369788
5369789
5369790
5369793
5369803
5369808
5369813
5369815
5369817
5369818
5369821
5369841
5369843
5369850
5369853
5369858
5369863
5369868
5369871
5369876
5369880
5369882
5369885
5369887
5369888
5369901
5369904
5387390
5388317
5388318
5388319
5388320
5388323
5388325
5388326
5388329
5388343
5388348
5388349
5388352
5388362
5388363
5388369
5388374
5388376
5388384
5388385
5388387
5388388
5388390
5388391
5388408
5388412
5388413
5388414
5388419
5388420
5388426
5388427
5388428
5388444
5388445
5388454
5388455
5388456
5388465
5388466
5388469
5388471
5388474
5388475
5388477
5388478
5388480
5388483
5388484
5388486
5388488
5388489
5388491
5388493
5388499
5388525
5388560
5388570
5388572
5388573
5388577
5388578
5388580
5388586
5388598
5388612
5388616
5388648
5388649
5388652
5388653
5388654
5388657
5388658
5388659
5388664
5388672
5388675
5388679
5388690
5388691
5388700
5388705
5388706
5388717
5388723
5388732
5388737
5388745
5388756
5388770
5388777
5388779
5388789
5388797
5388800
5388801
5388803
5388809
5388820
5388826
5388828
5388833
5388837
5388838
5388843
5388854
5388855
5388856
5388859
5388866
5388869
5388881
5388893
5388908
5388913
5388917
5388920
5388922
5388936
5388953
5388974
5388981
5388992
5388994
5389007
5389008
5389011
5389012
5389013
5389023
5389030
5389047
5389050
5389055
5389067
5389070
5389083
5389114
5389123
5389131
5389133
5389136
5389143
5389148
5389153
5389175
5389180
5389181
5389191
5389195
5423646
5441312
5441313
5441314
5441322
5441326
5441343
5441344
5441345
5441346
5441352
5441356
5441357
5441360
5441365
5441370
5441371
5441372
5441377
5441379
5441384
5441395
5441396
5441399
5441402
5441415
5441416
5441420
5441421
5441428
5441429
5441431
5441434
5441435
5441445
5441446
5441459
5441466
5441483
5441484
5441495
5441496
5441499
5441501
5441504
5441505
5441507
5441510
5441512
5441513
5441514
5441516
5441521
5441523
5441530
5441567
5441588
5441613
5441616
5441625
5441626
5441627
5441630
5441633
5441634
5441636
5441643
5441647
5441664
5441694
5441699
5441706
5441707
5441722
5441727
5441729
5441730
5441733
5441734
5441752
5441757
5441777
5441780
5441793
5441802
5441813
5441821
5441823
5441851
5441869
5441875
5441876
5441888
5441889
5441891
5441905
5441966
5441988
5442027
5442029
5442030
5442048
5442060
5442062
5442065
5442068
5442073
5442075
5442104
5442105
5442106
5442123
5442149
5442153
5442154
5442155
5442169
5442178
5442184
5442206
5442263
5442274
5442282
5442300
5442307
5442315
5442349
5442350
5442354
5442366
5442369
5442378
5442394
5442395
5442407
5442410
5442441
5442458
5442467
5442468
5442483
5442484
5442494
5442497
5442534
5442542
5442551
5442558
5442560
5442566
5442578
5442593
5442606
5442632
5442648
5442653
5442654
5442657
5467333
5467337
5467340
5467343
5467345
5467348
5493427
5493428
5493429
5493432
5493437
5493440
5493456
5493459
5493470
5493471
5493473
5493474
5493479
5493486
5493491
5493493
5493498
5493500
5493508
5493509
5493512
5493515
5493533
5493534
5493536
5493541
5493547
5493548
5493549
5493563
5493577
5493588
5493598
5493599
5493600
5493616
5493620
5493622
5493623
5493628
5493629
5493631
5493633
5493634
5493638
5493683
5493716
5493730
5493741
5493743
5493744
5493746
5493753
5493764
5493842
5493854
5493855
5493857
5493867
5493876
5493882
5493899
5493901
5493907
5493924
5493945
5493951
5493954
5493960
5493964
5493997
5494002
5494025
5494066
5494068
5494075
5494094
5494102
5494144
5494168
5494186
5494190
5494193
5494202
5494214
5494224
5494251
5494252
5494269
5494288
5494299
5494303
5494311
5494352
5494371
5494407
5494408
5494419
5494421
5494427
5494445
5494463
5494497
5494506
5494521
5494536
5494537
5494545
5494551
5494582
5494584
5494601
5494602
5494627
5494628
5494641
5494642
5494643
5494646
5494647
5494674
5494746
5545619
5550453
5550483
5550486
5550495
5550496
5550499
5550509
5550534
5550559
5550560
5550562
5550569
5550572
5550576
5550605
5550614
5550621
5550635
5550637
5550640
5550641
5550646
5550649
5550650
5550652
5550655
5550657
5550709
5550770
5550775
5550788
5550835
5550841
5550864
5550874
5550875
5550901
5550923
5550945
5550966
5550976
5550995
5551000
5551013
5551021
5551034
5551036
5551037
5551118
5551137
5551196
5551197
5551201
5551213
5551222
5551224
5551235
5551249
5551264
5551272
5551281
5551420
5551460
5551520
5551549
5551550
5551561
5551593
5551596
5551599
5551638
5551651
5551709
5551756
5551803
556833
5578995
5578996
5578997
5578998
5578999
5579000
5579002
5579004
5579005
5579006
5579007
5579009
5579010
5579011
5579012
5579013
5579014
5579015
5579016
5579017
5579019
5579020
5579021
5579022
5579024
5579026
5579027
5579028
5579029
5579030
5579031
5579032
5592261
5592262
5592269
5592272
5592286
5592290
5592291
5592293
5592294
5592306
5592310
5592315
5592326
5592327
5592329
5592330
5592339
5592348
5592350
5592355
5592356
5592357
5592360
5592361
5592364
5592367
5592369
5592383
5592388
5592394
5592397
5592405
5592407
5592408
5592410
5592411
5592413
5592416
5592417
5592419
5592420
5592426
5592428
5592430
5592431
5592433
5592438
5592449
5592458
5592464
5592471
5592480
5592486
5592498
5592501
5592516
5592517
5592521
5592529
5592533
5592545
5592550
5592576
5592581
5592596
5592597
5592600
5592603
5592606
5592620
5592622
5592627
5592631
5592645
5592648
5592651
5592673
5592699
5592704
5592706
5592730
5592733
5592736
5592739
5592752
5592763
5592770
5592778
5592780
5592787
5592790
5592796
5592798
5592809
5592816
5592822
5592830
5592831
5592833
5592836
5592852
5592859
5592870
5592877
5592882
5592886
5592894
5592896
5592904
5592905
5592908
5592924
5592937
5592938
5592948
5592950
5592952
5592954
5592969
5592973
5592988
5592991
5593010
5593015
5593021
5593022
5593027
5593032
5593037
5593039
5593041
5593042
5593045
5593055
5593062
5593065
5593075
5593076
5593080
5593081
5593084
5593092
5593093
5593096
5596652
5596653
5596654
5596655
5596658
5596660
5596661
5596664
5596676
5596677
5596680
5596684
5596686
5596693
5596695
5596703
5596704
5596705
5596708
5596709
5596712
5596714
5596727
5596728
5596735
5596738
5596746
5596747
5596749
5596750
5596752
5596756
5596758
5596761
5596763
5596768
5596771
5596772
5596775
5596780
5596786
5596792
5596798
5596814
5596815
5596817
5596818
5596833
5596842
5596847
5596848
5596849
5596850
5596851
5596853
5596857
5596859
5596862
5596866
5596870
5596871
5596878
5596879
5596882
5596883
5596885
5596889
5596890
5596904
5596907
5596914
5596921
5596926
5596930
5596933
5596935
5596937
5596939
5596941
5596943
5596948
5596952
5596955
5596958
5596960
5596964
5596968
5596970
5596973
5596977
5596979
5596981
5596984
5596987
5596991
5596992
5596995
5596997
5596998
5597005
5597007
5597008
5597011
5597015
5597016
5597019
5597023
5597026
5597036
5597037
5597038
5597039
5597042
5597046
5597047
5597065
5597068
5597071
5597073
5597075
5597080
5597082
5597084
5597085
5597087
5597090
5597096
5597103
5597108
5597113
5597116
5597117
5597119
5597121
5602358
5602410
5602415
5602498
5602566
5602571
5602636
5602680
5603027
5603029
5603037
5603041
5604597
5604598
5604599
5604600
5604603
5604607
5604608
5604611
5604629
5604630
5604631
5604632
5604638
5604639
5604643
5604644
5604645
5604646
5604647
5604651
5604652
5604657
5604658
5604659
5604664
5604666
5604669
5604670
5604671
5604673
5604682
5604683
5604685
5604686
5604688
5604689
5604690
5604691
5604692
5604693
5604694
5604701
5604703
5604707
5604708
5604710
5604716
5604717
5604720
5604723
5604724
5604725
5604733
5604737
5604738
5604739
5604752
5604756
5604757
5604763
5604766
5604773
5604774
5604775
5604783
5604784
5604785
5604787
5604788
5604790
5604793
5604794
5604796
5604797
5604799
5604801
5604802
5604803
5604805
5604807
5604808
5604810
5604813
5604821
5604832
5604833
5604834
5604839
5604847
5604864
5604867
5604868
5604885
5604886
5604914
5604922
5604923
5604924
5604925
5604926
5604927
5604928
5604931
5604932
5604934
5604940
5604941
5604944
5604950
5604953
5604956
5604961
5604978
5604991
5604992
5604997
5605004
5605005
5605006
5605023
5605033
5605034
5605035
5605036
5605037
5605038
5605039
5605040
5605041
5605042
5605046
5605049
5605059
5605065
5605074
5605075
5605076
5605077
5605078
5605081
5605085
5605088
5605089
5605091
5605092
5605093
5605094
5605097
5605099
5605100
5605104
5605107
5605109
5605116
5605117
5605124
5605128
5605131
5605134
5605135
5605137
5605143
5605147
5605166
5605170
5605172
5605173
5605175
5605178
5605182
5605183
5605189
5605190
5605203
5605204
5605205
5605206
5605207
5605209
5605210
5605211
5605212
5605213
5605214
5605215
5605216
5605217
5605219
5605220
5605249
5605250
5605251
5605252
5605253
5605254
5605255
5605256
5605257
5605258
5605259
5605260
5605275
5605283
5605286
5605303
5605304
5605312
5605315
5605325
5605349
5605351
5605352
5605366
5605367
5605371
5605374
5605383
5605392
5605393
5605395
5605398
5605404
5605406
5605415
5605419
5605421
5605433
5605434
5605439
5605440
5605442
5605451
5605455
5605463
5605464
5605466
5605469
5605477
5605481
5605482
5605483
5605485
5605496
5605498
5605503
5605507
5605509
5605511
5605513
5605533
5605536
5605537
5605555
5605575
5605592
5605593
5605604
5605606
5605613
5605616
5605629
5605635
5605638
5605642
5605646
5605649
5605650
5605675
5605676
5605680
5605689
5605690
5605691
5605703
5605718
5605719
5605722
5605723
5605727
5605730
5605732
5605733
5605734
5605736
5605742
5605764
5605766
5605771
5605773
5605774
5605777
5605778
5605783
5605784
5605792
5605793
5605794
5605795
5605798
5605809
5605810
5605821
5605822
5605823
5605824
5605825
5605829
5605844
5605848
5605850
5605862
5605863
5605871
5605872
5605873
5605874
5605875
5605883
5605891
5605897
5605903
5605905
5605911
5605913
5605919
5605927
5605929
5605931
5605959
5605962
5605968
5605976
5605981
5605982
5605986
5606000
5607136
5607137
5607138
5607139
5607142
5607145
5607146
5607149
5607163
5607170
5607171
5607174
5607183
5607184
5607190
5607192
5607195
5607197
5607207
5607208
5607209
5607212
5607215
5607216
5607219
5607235
5607240
5607241
5607244
5607245
5607250
5607251
5607256
5607260
5607272
5607278
5607285
5607288
5607305
5607312
5607318
5607319
5607326
5607327
5607333
5607334
5607335
5607336
5607348
5607373
5607382
5607389
5607410
5607412
5607425
5607426
5607428
5607430
5607444
5607449
5607475
5607477
5607515
5607519
5607523
5607532
5607535
5607554
5607560
5607562
5607567
5607570
5607573
5607578
5607587
5607590
5607594
5607606
5607610
5607621
5607625
5607631
5607656
5607658
5607661
5607665
5607671
5607673
5607675
5607680
5607684
5607688
5607700
5607703
5607716
5607717
5607718
5607727
5607731
5607737
5607739
5607750
5607751
5607752
5607772
5607775
5607777
5607782
5607783
5607785
5607787
5607792
5607796
5607798
5607801
5607806
5607813
5607822
5607827
5607833
5607839
5607841
5607850
5607851
5607854
5610787
5617833
5617990
5617991
5617992
5617993
5617996
5617998
5617999
5618002
5618015
5618022
5618023
5618025
5618026
5618031
5618035
5618036
5618037
5618041
5618045
5618046
5618053
5618059
5618060
5618061
5618064
5618067
5618068
5618069
5618072
5618073
5618074
5618086
5618087
5618090
5618091
5618094
5618099
5618100
5618108
5618118
5618125
5618126
5618127
5618130
5618137
5618146
5618149
5618157
5618162
5618163
5618166
5618170
5618171
5618173
5618174
5618177
5618178
5618179
5618180
5618182
5618184
5618185
5618188
5618189
5618190
5618192
5618195
5618196
5618200
5618226
5618233
5618245
5618253
5618255
5618256
5618263
5618264
5618265
5618266
5618267
5618273
5618274
5618275
5618278
5618282
5618284
5618285
5618288
5618289
5618294
5618307
5618308
5618320
5618343
5618345
5618346
5618350
5618352
5618364
5618367
5618368
5618371
5618386
5618393
5618394
5618395
5618400
5618403
5618409
5618411
5618422
5618425
5618427
5618429
5618432
5618437
5618439
5618441
5618445
5618448
5618451
5618459
5618465
5618469
5618470
5618473
5618481
5618493
5618495
5618498
5618509
5618512
5618516
5618520
5618524
5618530
5618536
5618539
5618543
5618549
5618553
5618554
5618555
5618558
5618560
5618562
5618566
5618572
5618574
5618580
5618581
5618583
5618585
5618586
5618587
5618606
5618609
5618611
5618616
5618619
5618621
5618626
5618631
5618637
5618642
5618644
5618645
5618651
5618653
5618656
5618658
5618661
5618666
5618672
5618673
5618674
5618675
5618677
5618680
5618682
5618683
5618689
5621481
5625740
5625886
5625900
5625970
5626467
5627083
5627117
5627123
5628897
5632684
5633231
5637759
5637784
5637788
5637789
5637792
5637804
5637812
5637815
5637817
5637820
5637821
5637849
5637851
5637854
5637855
5637861
5637877
5637881
5637882
5637887
5637920
5637924
5637929
5637936
5637947
5637961
5637971
5638036
5638068
5638079
5638094
5638118
5638209
5638247
5638302
5638303
5638307
5638309
5638313
5638330
5638370
5638409
5638416
5638431
5638567
5638620
5638641
5642072
5642073
5642074
5642091
5642092
5642095
5642100
5642101
5642118
5642120
5642123
5642124
5642127
5642128
5642129
5642151
5642152
5642153
5642171
5642173
5642176
5642178
5642190
5642194
5642202
5642224
5642225
5642228
5642257
5642279
5642292
5642319
5642322
5642331
5642339
5642342
5642362
5642409
5642429
5642486
5642519
5642529
5642533
5642540
5652000
5652001
5652007
5652031
5652032
5652035
5652046
5652053
5652058
5652069
5652070
5652075
5652080
5652094
5652104
5652114
5652120
5652133
5652135
5652145
5652168
5652270
5652293
5652297
5652300
5652338
5652413
5652444
5652450
5652457
5652458
5652459
5652465
5652466
5652467
5652469
5652483
5652485
5652490
5652491
5652492
5652494
5652498
5652502
5652504
5652511
5652513
5652517
5652519
5652529
5652530
5652532
5652538
5652541
5652542
5652545
5652546
5652553
5652557
5652558
5652559
5652561
5652564
5652565
5652568
5652574
5652578
5652580
5652594
5652598
5652603
5652608
5652609
5652617
5652619
5652621
5652622
5652627
5652628
5652630
5652633
5652635
5652636
5652639
5652641
5652642
5652644
5652647
5652649
5652655
5652663
5652666
5652672
5652675
5652682
5652685
5652697
5652698
5652709
5652714
5652718
5652720
5652728
5652737
5652739
5652743
5652747
5652756
5652760
5652777
5652786
5652790
5652804
5652820
5652821
5652823
5652824
5652826
5652831
5652834
5652842
5652845
5652846
5652850
5652854
5652856
5652861
5652867
5652869
5652872
5652885
5652887
5652888
5652893
5652894
5652903
5652906
5652909
5652911
5652913
5652915
5652920
5652923
5652937
5652953
5652966
5652978
5652982
5652987
5653001
5653002
5653011
5653013
5653018
5653024
5653025
5653036
5653037
5653062
5653063
5653064
5653069
5653073
5653075
5653082
5653084
5653086
5653093
5653097
5653101
5653103
5653121
5653124
5653126
5653127
5653133
5653151
5653152
5653155
5653165
5653186
5653194
5653198
5653217
5653222
5653225
5653231
5653232
5653244
5653257
5653263
5653267
5653276
5653277
5653279
5653289
5653305
5653306
5653313
5653319
5653341
5653343
5653348
5653351
5653352
5653357
5653367
5653373
5653388
5653392
5653394
5653396
5653410
5653423
5653424
5653425
5653432
5653435
5653437
5653442
5653447
5653455
5653461
5653463
5653468
5653475
5653477
5653481
5653493
5653496
5653499
5653503
5653504
5653505
5653508
5653513
5653518
5653526
5653529
5653530
5653536
5653544
5653554
5653556
5653656
5654736
5654738
5654741
5654743
5655253
5655291
5655302
5655332
5657560
5657562
5658017
5658018
5658019
5658020
5658027
5658028
5658031
5658049
5658052
5658058
5658063
5658064
5658067
5658072
5658078
5658079
5658084
5658086
5658089
5658090
5658091
5658093
5658102
5658103
5658127
5658128
5658130
5658136
5658137
5658140
5658144
5658145
5658150
5658152
5658162
5658168
5658182
5658186
5658187
5658196
5658197
5658199
5658200
5658202
5658208
5658209
5658211
5658213
5658214
5658215
5658217
5658219
5658220
5658222
5658225
5658248
5658256
5658273
5658276
5658277
5658294
5658326
5658334
5658335
5658336
5658337
5658338
5658339
5658346
5658352
5658356
5658362
5658368
5658372
5658403
5658404
5658409
5658416
5658417
5658418
5658433
5658438
5658441
5658444
5658445
5658454
5658464
5658470
5658492
5658494
5658509
5658539
5658545
5658549
5658570
5658574
5658577
5658579
5658582
5658586
5658587
5658593
5658594
5658656
5658678
5658686
5658689
5658706
5658707
5658715
5658728
5658752
5658769
5658770
5658774
5658786
5658796
5658798
5658801
5658807
5658809
5658836
5658841
5658842
5658853
5658858
5658872
5658880
5658885
5658888
5658901
5658914
5658958
5658995
5658996
5659007
5659016
5659033
5659034
5659050
5659054
5659079
5659093
5659094
5659095
5659122
5659123
5659126
5659131
5659134
5659137
5659165
5659167
5659172
5659183
5659184
5659209
5659210
5659226
5659282
5659290
5659311
5659317
5659327
5659337
5659382
5659400
5659898
5662339
5662340
5662341
5662342
5662345
5662347
5662348
5662351
5662363
5662369
5662370
5662373
5662377
5662378
5662382
5662384
5662388
5662393
5662400
5662406
5662407
5662408
5662413
5662414
5662417
5662418
5662419
5662432
5662435
5662436
5662439
5662444
5662445
5662449
5662453
5662454
5662457
5662467
5662474
5662475
5662479
5662480
5662483
5662503
5662506
5662509
5662510
5662511
5662516
5662517
5662519
5662520
5662523
5662524
5662525
5662528
5662532
5662534
5662535
5662538
5662544
5662546
5662549
5662551
5662553
5662568
5662578
5662579
5662581
5662582
5662583
5662586
5662602
5662606
5662607
5662619
5662620
5662621
5662622
5662623
5662626
5662627
5662628
5662629
5662632
5662636
5662638
5662640
5662641
5662643
5662645
5662647
5662648
5662650
5662663
5662664
5662670
5662675
5662681
5662689
5662691
5662692
5662702
5662717
5662721
5662725
5662736
5662741
5662744
5662752
5662759
5662765
5662774
5662777
5662784
5662787
5662789
5662791
5662793
5662799
5662802
5662804
5662814
5662817
5662818
5662819
5662820
5662822
5662825
5662830
5662835
5662842
5662843
5662844
5662848
5662864
5662866
5662869
5662870
5662873
5662883
5662889
5662899
5662909
5662914
5662919
5662921
5662923
5662925
5662929
5662935
5662952
5662953
5662957
5662975
5662977
5662979
5662981
5662987
5662996
5663002
5663006
5663011
5663012
5663017
5663020
5663027
5663029
5663031
5663036
5663043
5663044
5663046
5663056
5663058
5663060
5663084
5663095
5663114
5663202
5663205
5663213
5663219
5663220
5663251
5663266
5663267
5663297
5663307
5666185
5666766
5666767
5666768
5666769
5666771
5666773
5666774
5666777
5666789
5666790
5666793
5666798
5666799
5666806
5666808
5666817
5666818
5666819
5666824
5666829
5666844
5666846
5666852
5666856
5666860
5666868
5666870
5666873
5666880
5666884
5666895
5666901
5666920
5666938
5666939
5666942
5666951
5666953
5666962
5666966
5666967
5666969
5666985
5666986
5666990
5666992
5666995
5666999
5667000
5667027
5667030
5667034
5667056
5667059
5667064
5667070
5667072
5667074
5667087
5667092
5667097
5667099
5667126
5667128
5667129
5667130
5667134
5667176
5667187
5667191
5667192
5667211
5667222
5667226
5667233
5667236
5667241
5667243
5667244
5667253
5667259
5667261
5667279
5667280
5667288
5667289
5668599
5668914
5674400
5674404
5676235
5676237
5676246
5676266
5676267
5676270
5676275
5676292
5676297
5676299
5676315
5676319
5676342
5676345
5676347
5676360
5676361
5676365
5676401
5676431
5676436
5676438
5676455
5676457
5676500
5676540
5676549
5676673
5676706
5676709
5676726
5676756
5676795
5676800
5676806
5676816
5676832
5676844
5676848
5676870
5676871
5676897
5676937
5676943
5676947
5676959
5686408
5686409
5686410
5686411
5686412
5686417
5686421
5686431
5686438
5686439
5686442
5686446
5686447
5686462
5686463
5686464
5686468
5686473
5686480
5686486
5686487
5686488
5686491
5686513
5686514
5686515
5686518
5686519
5686520
5686532
5686535
5686536
5686539
5686544
5686545
5686552
5686560
5686567
5686568
5686572
5686574
5686577
5686584
5686596
5686603
5686604
5686609
5686610
5686611
5686616
5686620
5686621
5686624
5686628
5686630
5686635
5686639
5686645
5686675
5686682
5686694
5686702
5686704
5686705
5686716
5686717
5686718
5686721
5686724
5686729
5686736
5686739
5686740
5686742
5686745
5686758
5686760
5686761
5686769
5686788
5686811
5686813
5686814
5686818
5686820
5686837
5686840
5686851
5686856
5686859
5686887
5686888
5686891
5686906
5686908
5686912
5686916
5686935
5686938
5686941
5686946
5686951
5686972
5686975
5686983
5687004
5687018
5687027
5687028
5687029
5687033
5687039
5687050
5687051
5687055
5687056
5687060
5687080
5687082
5687084
5687089
5687094
5687099
5687111
5687114
5687133
5687136
5687147
5687148
5687150
5687152
5687164
5687166
5694872
5694890
5695088
5695089
5695090
5695122
5695162
5695341
5695386
5695456
5695458
5695488
5695570
5695583
5699220
5699231
5699240
5699260
5699277
5699290
5699291
5699306
5699309
5699319
5699368
5699373
5699412
5699446
5699454
5699472
5699496
5699498
5699499
5699509
5699534
5699634
5699735
5699736
5699745
5699749
5699761
5699770
5699771
5699774
5699778
5699779
5699783
5699790
5699792
5699796
5699797
5699799
5699808
5699809
5699811
5699812
5699815
5699833
5699834
5699843
5699844
5699845
5699852
5699859
5699860
5699880
5699895
5699933
5699953
5699954
5699999
5700008
5700012
5700015
5700016
5700020
5700024
5700027
5700031
5700032
5700043
5700052
5700086
5700103
5700133
5700135
5700136
5700158
5700169
5700176
5700196
5700225
5700248
5700255
5700259
5700268
5700269
5700278
5700318
5700358
5700376
5700422
5700425
5700467
5700498
5700499
5700501
5700518
5700531
5700544
5700558
5700562
5700570
5700573
5700621
5700652
5700689
5700748
5700772
5700821
5700850
5700851
5700865
5700866
5700876
5700879
5700882
5700897
5700903
5700904
5700941
5700948
5700976
5700987
5701019
5701036
5701040
5701041
5701373
5701374
5701375
5701378
5701398
5701405
5701406
5701409
5701414
5701419
5701420
5701421
5701426
5701428
5701430
5701431
5701432
5701434
5701444
5701445
5701447
5701448
5701472
5701473
5701474
5701476
5701480
5701493
5701495
5701513
5701524
5701525
5701538
5701540
5701543
5701544
5701553
5701555
5701560
5701563
5701565
5701600
5701603
5701604
5701653
5701654
5701714
5701717
5701733
5701734
5701737
5701740
5701755
5701763
5701785
5701796
5701811
5701812
5701813
5701817
5701818
5701847
5701848
5701864
5701920
5701921
5701945
5701975
5701976
5702004
5702009
5702018
5702023
5702034
5702042
5702044
5702048
5702051
5702060
5702069
5702075
5702078
5702085
5702088
5702109
5702111
5702122
5702124
5702152
5702153
5702158
5702181
5702205
5702220
5702229
5702262
5702276
5702294
5702303
5702313
5702328
5702347
5702348
5702352
5702365
5702379
5702387
5702397
5702405
5702407
5702420
5702436
5702439
5702462
5702469
5702489
5702490
5702497
5702524
5709012
5709022
5709042
5709043
5709058
5709059
5709060
5709065
5709067
5709082
5709095
5709109
5709113
5709130
5709173
5709283
5709317
5709320
5709389
5709401
5709495
5709572
5709600
5709617
5711615
5711617
5711621
5711625
5711626
5711629
5711647
5711648
5711650
5711656
5711657
5711660
5711661
5711662
5711664
5711668
5711669
5711674
5711676
5711681
5711683
5711686
5711687
5711688
5711690
5711699
5711700
5711702
5711703
5711706
5711710
5711712
5711716
5711721
5711724
5711725
5711727
5711732
5711733
5711735
5711739
5711740
5711748
5711752
5711753
5711768
5711773
5711780
5711783
5711790
5711791
5711792
5711801
5711802
5711803
5711805
5711806
5711808
5711811
5711812
5711814
5711815
5711817
5711819
5711820
5711821
5711823
5711825
5711828
5711831
5711833
5711840
5711855
5711861
5711877
5711880
5711900
5711901
5711912
5711927
5711935
5711936
5711937
5711938
5711941
5711944
5711945
5711947
5711958
5711964
5711967
5711975
5711992
5712004
5712010
5712015
5712017
5712035
5712045
5712046
5712048
5712049
5712050
5712051
5712052
5712056
5712059
5712070
5712075
5712084
5712085
5712092
5712097
5712100
5712102
5712104
5712107
5712109
5712111
5712116
5712123
5712130
5712138
5712141
5712145
5712148
5712149
5712151
5712157
5712180
5712185
5712187
5712190
5712193
5712198
5712203
5712204
5712217
5712218
5712221
5712226
5712227
5712230
5712231
5712233
5712234
5712260
5712286
5712294
5712296
5712315
5712316
5712322
5712324
5712333
5712356
5712357
5712359
5712365
5712368
5712371
5712390
5712401
5712402
5712404
5712407
5712408
5712409
5712410
5712413
5712418
5712421
5712431
5712437
5712449
5712450
5712456
5712457
5712459
5712468
5712472
5712473
5712482
5712486
5712494
5712498
5712499
5712500
5712513
5712515
5712520
5712526
5712528
5712530
5712549
5712552
5712557
5712562
5712575
5712596
5712609
5712610
5712621
5712623
5712630
5712633
5712639
5712646
5712648
5712654
5712657
5712662
5712687
5712697
5712698
5712702
5712711
5712712
5712713
5712714
5712717
5712728
5712746
5712747
5712754
5712756
5712758
5712760
5712786
5712793
5712795
5712796
5712799
5712805
5712820
5712831
5712843
5712844
5712845
5712849
5712864
5712869
5712875
5712881
5712882
5712889
5712890
5712891
5712892
5712899
5712906
5712918
5712920
5712926
5712928
5712929
5712946
5712948
5712974
5712993
5712994
5712996
5713005
5713014
5713026
5713031
5717245
5717247
5717248
5717249
5717252
5717254
5717268
5717275
5717276
5717279
5717283
5717286
5717307
5717309
5717313
5717314
5717316
5717325
5717326
5717353
5717354
5717355
5717357
5717380
5717383
5717389
5717393
5717394
5717395
5717409
5717413
5717418
5717424
5717425
5717435
5717438
5717440
5717444
5717446
5717447
5717448
5717455
5717456
5717458
5717460
5717461
5717463
5717468
5717484
5717499
5717510
5717521
5717526
5717540
5717550
5717551
5717552
5717555
5717558
5717561
5717572
5717598
5717616
5717634
5717635
5717637
5717640
5717654
5717661
5717668
5717679
5717694
5717695
5717696
5717701
5717728
5717742
5717757
5717758
5717784
5717788
5717791
5717812
5717822
5717825
5717853
5717859
5717881
5717882
5717891
5717893
5717896
5717899
5717911
5717925
5717928
5717936
5717945
5717948
5717951
5717952
5717959
5717961
5717962
5717980
5717992
5718018
5718044
5718054
5718085
5718092
5718096
5718104
5718123
5718124
5718125
5718127
5718128
5718129
5718137
5718140
5718146
5718153
5718157
5718173
5718176
5718183
5718191
5718192
5718216
5718258
5718268
5718269
5718274
5718302
5718312
5718317
5718353
5718354
5718355
5718362
5718388
5718389
5718394
5718395
5719401
5719402
5719403
5719429
5719443
5719445
5719446
5719447
5719451
5719469
5719481
5719497
5719517
5719531
5719536
5719567
5719584
5719643
5719669
5719672
5719685
5719755
5719760
5719793
5719844
5719847
5719850
5719861
5719873
5719895
5719964
5719969
5719990
5719997
5720002
5720052
5720068
573389
5738114
5738115
5738116
5738117
5738129
5738140
5738149
5738153
5738176
5738190
5738213
5738215
5738224
5738231
5738246
5738264
5738276
5738296
5738299
5738306
5738308
5738316
5738324
5738379
5738414
5738415
5738418
5738419
5738481
5738543
5738553
5738555
5738556
5738584
5738596
5738600
5738747
5738788
5738790
5738805
5738821
5738822
5738877
5738934
5738948
5739020
5739021
5739151
5739214
5739240
5739277
5739279
5739324
5739339
5739344
5739396
5751460
5751461
5751462
5751463
5751468
5751482
5751489
5751490
5751503
5751512
5751514
5751530
5751531
5751539
5751549
5751559
5751589
5751630
5751652
5751653
5751677
5751723
5751724
5751727
5751778
5751807
5751819
5751840
5751848
5751851
5751874
5751875
5751903
5751967
5751999
5752015
5752042
5752182
5752254
5752291
5752314
5752341
5752361
5752378
5752448
5752480
5761395
5761396
5761397
5761405
5761408
5761429
5761439
5761440
5761443
5761447
5761448
5761455
5761460
5761462
5761478
5761479
5761503
5761504
5761511
5761512
5761514
5761518
5761547
5761553
5761569
5761570
5761584
5761587
5761590
5761596
5761600
5761602
5761604
5761605
5761634
5761679
5761714
5761715
5761716
5761726
5761734
5761737
5761743
5761754
5761783
5761784
5761789
5761814
5761829
5761830
5761838
5761847
5761849
5761871
5761901
5761911
5761925
5761928
5761931
5761937
5761965
5761973
5761977
5761978
5761984
5762002
5762040
5762054
5762055
5762058
5762087
5762090
5762109
5762110
5762150
5762181
5762184
5762195
5762198
5762201
5762207
5762215
5762226
5762232
5762246
5762250
5762259
5762277
5762285
5762310
5762312
5762348
5762361
5762395
5762418
5762485
5762500
5762501
5762502
5762532
5762534
5762542
5762553
5762574
5762576
5762581
5762600
5762601
5762626
5762627
5762638
5762640
5762644
5762664
5762685
5762694
5762721
5762743
5762799
5769068
5769069
5769070
5769071
5769074
5769078
5769079
5769082
5769100
5769101
5769109
5769110
5769114
5769115
5769116
5769118
5769122
5769123
5769128
5769129
5769130
5769135
5769137
5769140
5769141
5769144
5769153
5769154
5769156
5769157
5769162
5769166
5769168
5769170
5769175
5769178
5769179
5769181
5769186
5769187
5769189
5769192
5769193
5769194
5769202
5769206
5769207
5769208
5769222
5769232
5769233
5769236
5769243
5769244
5769245
5769254
5769256
5769258
5769259
5769261
5769264
5769265
5769267
5769268
5769270
5769272
5769273
5769274
5769276
5769278
5769279
5769281
5769284
5769287
5769295
5769310
5769318
5769334
5769337
5769357
5769358
5769369
5769384
5769387
5769395
5769397
5769398
5769401
5769404
5769405
5769413
5769414
5769417
5769423
5769426
5769429
5769434
5769451
5769464
5769470
5769475
5769477
5769497
5769507
5769508
5769509
5769510
5769511
5769512
5769513
5769515
5769516
5769520
5769523
5769532
5769538
5769547
5769549
5769555
5769559
5769562
5769564
5769567
5769568
5769569
5769571
5769573
5769574
5769579
5769582
5769584
5769591
5769592
5769599
5769606
5769609
5769612
5769618
5769622
5769644
5769648
5769650
5769653
5769656
5769660
5769666
5769680
5769681
5769687
5769689
5769692
5769693
5769694
5769696
5769697
5769725
5769726
5769727
5769751
5769759
5769762
5769779
5769780
5769791
5769801
5769826
5769827
5769828
5769832
5769834
5769835
5769837
5769839
5769840
5769841
5769844
5769856
5769857
5769861
5769865
5769874
5769883
5769886
5769889
5769890
5769898
5769900
5769909
5769913
5769915
5769927
5769928
5769933
5769934
5769936
5769945
5769949
5769958
5769964
5769972
5769976
5769977
5769978
5769988
5769990
5769995
5770001
5770003
5770007
5770027
5770030
5770031
5770035
5770049
5770068
5770085
5770086
5770097
5770099
5770105
5770108
5770114
5770121
5770123
5770130
5770133
5770137
5770141
5770144
5770171
5770175
5770184
5770186
5770188
5770199
5770214
5770218
5770219
5770226
5770228
5770229
5770232
5770238
5770260
5770262
5770267
5770269
5770270
5770273
5770279
5770288
5770290
5770291
5770294
5770305
5770306
5770317
5770318
5770319
5770320
5770321
5770324
5770325
5770339
5770346
5770352
5770358
5770359
5770366
5770367
5770368
5770369
5770377
5770385
5770396
5770398
5770404
5770406
5770412
5770420
5770422
5770424
5770452
5770462
5770471
5770472
5770474
5770483
5770493
5770504
5770506
5770507
5770510
5776763
5776764
5776765
5776766
5776773
5776776
5776794
5776795
5776796
5776797
5776803
5776804
5776807
5776808
5776811
5776815
5776816
5776834
5776839
5776841
5776845
5776846
5776857
5776858
5776860
5776881
5776882
5776883
5776885
5776890
5776891
5776893
5776916
5776929
5776931
5776951
5776957
5776960
5776969
5776970
5776980
5776981
5776989
5776990
5776992
5776994
5777001
5777002
5777004
5777007
5777009
5777014
5777036
5777057
5777080
5777104
5777107
5777115
5777116
5777117
5777119
5777120
5777127
5777134
5777138
5777144
5777155
5777184
5777190
5777195
5777197
5777198
5777215
5777225
5777228
5777231
5777239
5777248
5777250
5777264
5777265
5777273
5777289
5777290
5777295
5777297
5777305
5777337
5777343
5777349
5777372
5777382
5777389
5777396
5777409
5777422
5777423
5777426
5777453
5777455
5777498
5777501
5777520
5777521
5777537
5777598
5777610
5777619
5777620
5777627
5777638
5777643
5777657
5777661
5777675
5777697
5777702
5777705
5777715
5777720
5777728
5777731
5777762
5777810
5777819
5777821
5777827
5777884
5777891
5777892
5777897
5777903
5777940
5777948
5777951
5777957
5777962
5777983
5777997
5778001
5778002
5778012
5778021
5778022
5778026
5778037
5778048
5778050
5778051
5778055
5778088
5778104
5778113
5778117
5778119
5778123
5778138
5778140
5778141
5778147
5778160
5778190
5778204
5778225
5778239
5778255
5789782
5789783
5789784
5789813
5789815
5789816
5789827
5789828
5789831
5789835
5789836
5789848
5789850
5789855
5789867
5789870
5789891
5789892
5789900
5789904
5789908
5789940
5789953
5789954
5789970
5789983
5789987
5789988
5790013
5790020
5790040
5790057
5790096
5790162
5790163
5790175
5790195
5790204
5790207
5790210
5790235
5790251
5790274
5790294
5790348
5790438
5790459
5790535
5790555
5790613
5790633
5790636
5790643
5790687
5790688
5790743
5790753
5790836
5790871
5790926
5790927
5790941
5790942
5790951
5791011
5791050
5791062
5791088
5791110
5811525
5811536
5811557
5811565
5811566
5811570
5811609
5811675
5811689
5811698
5811714
5811725
5811865
5811884
5811907
5812063
5812072
5812196
5812256
5812296
5812328
5812461
5812462
5812586
5812599
5812634
5812675
5812689
5819289
5819290
5819291
5819294
5819299
5819302
5819320
5819322
5819323
5819330
5819334
5819335
5819338
5819348
5819349
5819355
5819357
5819361
5819373
5819374
5819376
5819398
5819399
5819401
5819407
5819409
5819413
5819426
5819453
5819463
5819464
5819475
5819478
5819481
5819485
5819487
5819488
5819490
5819494
5819496
5819499
5819508
5819576
5819603
5819614
5819615
5819616
5819623
5819626
5819634
5819637
5819643
5819690
5819717
5819727
5819732
5819733
5819735
5819752
5819758
5819772
5819775
5819784
5819800
5819803
5819805
5819812
5819830
5819831
5819833
5819839
5819843
5819865
5819869
5819881
5819888
5819914
5819918
5819946
5819960
5819961
5819996
5820061
5820065
5820073
5820074
5820090
5820091
5820106
5820116
5820118
5820141
5820160
5820172
5820188
5820257
5820262
5820276
5820312
5820313
5820324
5820326
5820356
5820412
5820414
5820455
5820489
5820491
5820496
5820516
5820526
5820541
5820542
5820555
5820556
5820560
5820561
5820580
5820588
5820595
5820640
5820642
5820658
5820660
5820691
5820708
5820719
5820729
5831489
5831490
5831491
5831492
5831495
5831500
5831504
5831505
5831521
5831522
5831533
5831534
5831535
5831536
5831537
5831541
5831542
5831547
5831548
5831554
5831556
5831560
5831561
5831563
5831572
5831575
5831580
5831585
5831587
5831589
5831594
5831597
5831598
5831600
5831606
5831607
5831610
5831613
5831614
5831615
5831623
5831627
5831628
5831629
5831642
5831646
5831647
5831653
5831656
5831663
5831664
5831665
5831673
5831674
5831675
5831677
5831678
5831680
5831683
5831684
5831686
5831687
5831689
5831691
5831693
5831695
5831697
5831700
5831703
5831705
5831712
5831726
5831733
5831749
5831752
5831772
5831773
5831784
5831802
5831810
5831812
5831813
5831816
5831819
5831820
5831830
5831833
5831839
5831842
5831850
5831880
5831886
5831891
5831893
5831911
5831921
5831922
5831924
5831925
5831926
5831927
5831929
5831930
5831934
5831953
5831962
5831963
5831964
5831970
5831974
5831977
5831978
5831979
5831984
5831988
5831989
5831993
5831995
5832010
5832014
5832017
5832020
5832023
5832029
5832033
5832053
5832058
5832060
5832061
5832064
5832067
5832071
5832072
5832077
5832078
5832090
5832091
5832093
5832094
5832095
5832097
5832098
5832100
5832103
5832104
5832105
5832107
5832108
5832135
5832137
5832138
5832141
5832146
5832162
5832163
5832171
5832176
5832193
5832194
5832202
5832205
5832215
5832240
5832241
5832248
5832249
5832251
5832254
5832255
5832271
5832275
5832279
5832288
5832296
5832297
5832299
5832302
5832310
5832312
5832322
5832326
5832328
5832339
5832340
5832345
5832346
5832348
5832357
5832361
5832373
5832376
5832385
5832390
5832393
5832405
5832410
5832416
5832418
5832420
5832440
5832443
5832462
5832496
5832497
5832510
5832512
5832519
5832521
5832528
5832535
5832537
5832544
5832547
5832551
5832558
5832585
5832589
5832598
5832600
5832602
5832613
5832627
5832632
5832636
5832639
5832641
5832643
5832645
5832651
5832674
5832677
5832680
5832682
5832683
5832686
5832692
5832701
5832703
5832704
5832707
5832718
5832730
5832731
5832732
5832733
5832737
5832752
5832757
5832759
5832765
5832771
5832772
5832779
5832780
5832781
5832782
5832790
5832798
5832803
5832809
5832811
5832819
5832825
5832835
5832837
5832865
5832868
5832875
5832884
5832887
5832896
5832918
5832919
5832921
5832924
5834575
5834576
5834577
5834578
5834584
5834588
5834606
5834608
5834609
5834620
5834621
5834622
5834623
5834624
5834628
5834645
5834646
5834647
5834652
5834654
5834659
5834670
5834671
5834674
5834696
5834698
5834703
5834704
5834706
5834729
5834730
5834742
5834743
5834744
5834758
5834768
5834769
5834772
5834780
5834781
5834782
5834795
5834796
5834801
5834802
5834804
5834805
5834806
5834813
5834814
5834816
5834818
5834819
5834824
5834828
5834834
5834857
5834873
5834876
5834896
5834897
5834923
5834926
5834935
5834936
5834937
5834938
5834939
5834940
5834944
5834946
5834953
5834957
5834969
5834991
5835004
5835005
5835010
5835015
5835022
5835047
5835049
5835050
5835051
5835053
5835055
5835063
5835072
5835078
5835087
5835088
5835092
5835111
5835120
5835121
5835124
5835133
5835170
5835172
5835178
5835182
5835205
5835217
5835221
5835241
5835248
5835249
5835258
5835289
5835300
5835302
5835303
5835308
5835352
5835353
5835398
5835428
5835429
5835433
5835471
5835480
5835497
5835498
5835516
5835530
5835538
5835543
5835544
5835555
5835568
5835572
5835596
5835634
5835651
5835652
5835661
5835663
5835669
5835672
5835732
5835752
5835763
5835782
5835783
5835790
5835802
5835824
5835831
5835839
5835842
5835843
5835851
5835852
5835860
5835877
5835878
5835891
5835892
5835895
5835896
5835910
5835916
5835918
5835924
5835930
5835954
5835974
5835976
5835992
5835994
5836025
5836028
5836042
5836043
5836053
5836074
5836076
5836081
5836085
5857374
5857375
5857376
5857377
5857380
5857385
5857388
5857406
5857408
5857409
5857415
5857420
5857421
5857422
5857423
5857424
5857429
5857435
5857441
5857443
5857448
5857450
5857459
5857460
5857463
5857484
5857485
5857493
5857494
5857497
5857501
5857512
5857526
5857531
5857532
5857538
5857541
5857549
5857550
5857561
5857564
5857569
5857573
5857575
5857577
5857578
5857579
5857581
5857584
5857586
5857620
5857636
5857655
5857683
5857688
5857695
5857697
5857699
5857700
5857713
5857730
5857747
5857773
5857790
5857797
5857800
5857801
5857803
5857835
5857838
5857841
5857850
5857866
5857868
5857893
5857895
5857901
5857905
5857924
5857929
5857932
5857935
5857939
5857940
5857944
5857945
5857958
5857961
5857996
5858027
5858048
5858087
5858090
5858109
5858120
5858122
5858130
5858136
5858164
5858167
5858176
5858183
5858193
5858196
5858208
5858223
5858226
5858238
5858240
5858276
5858319
5858320
5858332
5858342
5858359
5858411
5858412
5858413
5858458
5858492
5858497
5858500
5858503
5858504
5858507
5858511
5858512
5858521
5858522
5858543
5858548
5858570
5858576
5858600
5858631
5858637
5858650
5858679
5858682
5858701
5858702
5858706
5869390
5869391
5869399
5869420
5869434
5869435
5869448
5869476
5869478
5869482
5869491
5869508
5869509
5869567
5869584
5869585
5869695
5869765
5869805
5869812
5869815
5869816
5869817
5869819
5869854
5869857
5869873
5869891
5869917
5869921
5869943
5869966
5869979
5870146
5870229
5870282
5870338
5870349
5870350
5870351
5870392
5870484
5870521
5870532
5870562
5870646
5870652
5870668
5870670
5870713
5882528
5882533
5882551
5882552
5882561
5882562
5882565
5882569
5882582
5882584
5882587
5882588
5882589
5882625
5882626
5882634
5882638
5882642
5882657
5882675
5882681
5882691
5882692
5882702
5882705
5882714
5882715
5882717
5882720
5882721
5882723
5882726
5882761
5882840
5882841
5882878
5882909
5882914
5882919
5882922
5882939
5882949
5882951
5882955
5882965
5882990
5882998
5883052
5883053
5883061
5883065
5883085
5883099
5883123
5883125
5883167
5883207
5883237
5883258
5883284
5883314
5883338
5883340
5883343
5883354
5883364
5883383
5883448
5883456
5883458
5883485
5883499
5883518
5883533
5883679
5883680
5883719
5883727
5883738
5883779
5883849
5883863
5883879
5883881
5883883
5883930
5883942
5891990
5891991
5891992
5891995
5892000
5892003
5892017
5892024
5892025
5892028
5892032
5892033
5892040
5892045
5892047
5892052
5892054
5892068
5892082
5892083
5892090
5892103
5892104
5892107
5892108
5892112
5892118
5892127
5892128
5892137
5892139
5892144
5892145
5892146
5892148
5892151
5892155
5892162
5892180
5892194
5892198
5892229
5892238
5892246
5892247
5892250
5892259
5892260
5892263
5892269
5892272
5892275
5892280
5892289
5892296
5892313
5892327
5892328
5892333
5892345
5892352
5892357
5892360
5892363
5892387
5892405
5892406
5892407
5892409
5892425
5892428
5892429
5892431
5892435
5892446
5892488
5892489
5892503
5892517
5892518
5892519
5892529
5892531
5892549
5892557
5892584
5892585
5892608
5892609
5892614
5892622
5892631
5892633
5892638
5892642
5892649
5892651
5892678
5892683
5892692
5892713
5892714
5892715
5892716
5892719
5892723
5892724
5892727
5892733
5892745
5892746
5892747
5892748
5892754
5892755
5892759
5892760
5892761
5892762
5892763
5892767
5892768
5892773
5892774
5892775
5892780
5892782
5892785
5892786
5892787
5892789
5892792
5892798
5892799
5892800
5892801
5892802
5892803
5892804
5892807
5892808
5892809
5892810
5892811
5892812
5892813
5892814
5892815
5892817
5892818
5892819
5892820
5892823
5892824
5892826
5892832
5892833
5892836
5892839
5892840
5892841
5892849
5892853
5892854
5892855
5892862
5892866
5892869
5892873
5892874
5892876
5892880
5892883
5892884
5892890
5892891
5892892
5892893
5892894
5892899
5892900
5892901
5892902
5892904
5892905
5892907
5892909
5892910
5892911
5892913
5892914
5892916
5892918
5892919
5892920
5892922
5892924
5892925
5892927
5892928
5892930
5892933
5892937
5892941
5892946
5892956
5892958
5892964
5892976
5892980
5892982
5892983
5892984
5892986
5892991
5892997
5893003
5893004
5893015
5893016
5893022
5893030
5893033
5893041
5893042
5893043
5893044
5893045
5893046
5893047
5893050
5893051
5893052
5893053
5893059
5893060
5893061
5893063
5893069
5893072
5893075
5893080
5893097
5893110
5893111
5893116
5893121
5893123
5893124
5893142
5893152
5893153
5893154
5893155
5893156
5893157
5893158
5893159
5893160
5893161
5893165
5893168
5893178
5893184
5893193
5893194
5893195
5893196
5893197
5893198
5893201
5893206
5893209
5893210
5893211
5893212
5893213
5893214
5893215
5893216
5893218
5893220
5893221
5893225
5893228
5893230
5893237
5893238
5893245
5893249
5893252
5893255
5893256
5893258
5893264
5893268
5893290
5893294
5893296
5893297
5893299
5893302
5893306
5893307
5893312
5893313
5893326
5893327
5893328
5893329
5893330
5893331
5893332
5893333
5893334
5893335
5893336
5893337
5893338
5893339
5893340
5893342
5893343
5893371
5893373
5893374
5893376
5893377
5893378
5893379
5893380
5893381
5893382
5893383
5893397
5893405
5893408
5893425
5893426
5893434
5893437
5893447
5893472
5893473
5893474
5893475
5893476
5893477
5893478
5893479
5893480
5893481
5893482
5893483
5893484
5893485
5893486
5893487
5893488
5893489
5893490
5893502
5893503
5893507
5893511
5893520
5893529
5893530
5893532
5893535
5893536
5893537
5893538
5893544
5893546
5893555
5893559
5893561
5893573
5893574
5893579
5893580
5893582
5893591
5893595
5893596
5893604
5893605
5893607
5893610
5893618
5893622
5893623
5893624
5893626
5893637
5893639
5893644
5893648
5893650
5893652
5893674
5893677
5893678
5893682
5893696
5893716
5893733
5893734
5893745
5893747
5893754
5893757
5893763
5893770
5893771
5893772
5893778
5893781
5893785
5893792
5893793
5893818
5893819
5893823
5893832
5893833
5893834
5893846
5893861
5893862
5893865
5893866
5893870
5893873
5893875
5893876
5893877
5893879
5893885
5893907
5893909
5893914
5893916
5893917
5893920
5893921
5893926
5893927
5893935
5893936
5893937
5893938
5893941
5893952
5893953
5893964
5893965
5893966
5893967
5893969
5893972
5893973
5893988
5893992
5893994
5894000
5894006
5894007
5894014
5894015
5894016
5894017
5894018
5894026
5894034
5894039
5894045
5894047
5894053
5894055
5894061
5894069
5894071
5894073
5894101
5894104
5894111
5894120
5894121
5894123
5894124
5894132
5894142
5894153
5894154
5894155
5894156
5894159
5895304
5895305
5895306
5895313
5895334
5895336
5895337
5895348
5895349
5895352
5895356
5895357
5895375
5895380
5895382
5895389
5895398
5895399
5895401
5895405
5895424
5895433
5895436
5895449
5895459
5895474
5895493
5895506
5895510
5895520
5895523
5895524
5895526
5895535
5895541
5895542
5895544
5895547
5895552
5895554
5895575
5895582
5895601
5895621
5895648
5895660
5895661
5895664
5895669
5895671
5895682
5895691
5895694
5895699
5895739
5895741
5895759
5895769
5895770
5895771
5895772
5895773
5895774
5895775
5895776
5895777
5895778
5895782
5895785
5895795
5895801
5895827
5895828
5895843
5895844
5895846
5895886
5895890
5895892
5895898
5895902
5895923
5895928
5895945
5895959
5895961
5896042
5896050
5896054
5896073
5896084
5896093
5896118
5896121
5896126
5896148
5896149
5896174
5896176
5896190
5896203
5896205
5896218
5896234
5896249
5896257
5896261
5896262
5896263
5896283
5896289
5896291
5896312
5896353
5896369
5896382
5896444
5896450
5896451
5896455
5896470
5896501
5896505
5896509
5896520
5896546
5896549
5896551
5896556
5896557
5896560
5896596
5896597
5896609
5896610
5896611
5896612
5896694
5896696
5896714
5896760
5896772
5896794
5896795
5896796
5896800
5896805
5896813
5912398
5912399
5912400
5912401
5912404
5912407
5912408
5912411
5912426
5912429
5912430
5912432
5912433
5912436
5912437
5912441
5912442
5912443
5912449
5912451
5912455
5912456
5912463
5912464
5912465
5912470
5912471
5912472
5912480
5912487
5912493
5912494
5912497
5912498
5912509
5912524
5912530
5912531
5912536
5912546
5912560
5912561
5912564
5912568
5912576
5912581
5912582
5912585
5912589
5912590
5912591
5912592
5912593
5912596
5912597
5912599
5912601
5912603
5912608
5912612
5912613
5912616
5912622
5912625
5912628
5912640
5912647
5912664
5912665
5912677
5912678
5912679
5912685
5912686
5912689
5912690
5912692
5912694
5912717
5912720
5912721
5912722
5912728
5912729
5912746
5912747
5912751
5912753
5912759
5912764
5912767
5912768
5912770
5912771
5912782
5912795
5912801
5912804
5912808
5912816
5912819
5912827
5912838
5912841
5912842
5912843
5912844
5912847
5912850
5912853
5912857
5912859
5912862
5912869
5912878
5912880
5912886
5912888
5912894
5912898
5912903
5912909
5912917
5912923
5912933
5912940
5912942
5912946
5912949
5912950
5912953
5912959
5912960
5912968
5912982
5912997
5912999
5913006
5913013
5913020
5913025
5913031
5913039
5913046
5913060
5913066
5913067
5913069
5913070
5913072
5913073
5913074
5931144
5931167
5931188
5931250
5931272
5931277
5931278
5931282
5931295
5931298
5931299
5931300
5931301
5931305
5931307
5931308
5931311
5931323
5931324
5931327
5931330
5931331
5931335
5931336
5931337
5931343
5931345
5931349
5931350
5931358
5931359
5931360
5931365
5931366
5931367
5931374
5931381
5931387
5931388
5931391
5931392
5931400
5931413
5931419
5931424
5931434
5931449
5931455
5931462
5931463
5931468
5931469
5931476
5931477
5931479
5931480
5931481
5931482
5931483
5931484
5931490
5931494
5931495
5931498
5931501
5931505
5931512
5931519
5931527
5931529
5931552
5931553
5931561
5931565
5931566
5931567
5931578
5931586
5931598
5931601
5931604
5931605
5931606
5931609
5931613
5931614
5931622
5931624
5931625
5931626
5931633
5931635
5931656
5931657
5931661
5931662
5931669
5931670
5931685
5931687
5931688
5931693
5931695
5931706
5931709
5931723
5931724
5931725
5931728
5931731
5931738
5931740
5931750
5931759
5931761
5931765
5931767
5931775
5931779
5931784
5931790
5931791
5931798
5931805
5931815
5931821
5931828
5931831
5931832
5931835
5931841
5931848
5931850
5931856
5931859
5931860
5931863
5931864
5931880
5931881
5931882
5931890
5931902
5931907
5931910
5931912
5931920
5931926
5931927
5931932
5931949
5931955
5931956
5931958
5931960
5932056
5932057
5932058
5932107
5932108
5932109
5932110
5932113
5932114
5932115
5932117
5932118
5932119
5932122
5932123
5932125
5932131
5932132
5932133
5932178
5932281
5942833
5942834
5942835
5942836
5942839
5942843
5942844
5942847
5942865
5942866
5942867
5942868
5942874
5942879
5942880
5942881
5942882
5942883
5942887
5942888
5942893
5942894
5942895
5942900
5942902
5942905
5942906
5942907
5942909
5942918
5942919
5942921
5942922
5942923
5942924
5942927
5942928
5942929
5942930
5942932
5942934
5942936
5942938
5942943
5942944
5942946
5942952
5942953
5942956
5942959
5942960
5942961
5942973
5942974
5942975
5942989
5942994
5943000
5943003
5943010
5943011
5943012
5943019
5943020
5943021
5943023
5943024
5943026
5943029
5943030
5943032
5943033
5943035
5943037
5943038
5943039
5943041
5943043
5943044
5943046
5943049
5943054
5943060
5943071
5943072
5943073
5943078
5943086
5943102
5943105
5943106
5943125
5943126
5943155
5943163
5943164
5943165
5943166
5943167
5943168
5943169
5943172
5943173
5943175
5943182
5943183
5943186
5943192
5943195
5943198
5943203
5943220
5943233
5943234
5943239
5943244
5943246
5943247
5943265
5943275
5943277
5943278
5943279
5943280
5943281
5943282
5943283
5943284
5943288
5943291
5943301
5943307
5943316
5943317
5943318
5943319
5943320
5943321
5943324
5943329
5943332
5943333
5943334
5943335
5943336
5943337
5943338
5943339
5943341
5943343
5943348
5943349
5943352
5943354
5943361
5943362
5943373
5943376
5943379
5943380
5943382
5943388
5943392
5943414
5943418
5943420
5943421
5943423
5943426
5943430
5943431
5943436
5943437
5943450
5943453
5943454
5943463
5943464
5943466
5943467
5943495
5943496
5943497
5943502
5943510
5943515
5943534
5943542
5943545
5943562
5943563
5943571
5943584
5943609
5943610
5943611
5943612
5943616
5943622
5943623
5943627
5943639
5943640
5943644
5943655
5943664
5943665
5943667
5943670
5943679
5943681
5943690
5943694
5943696
5943708
5943709
5943710
5943712
5943721
5943725
5943733
5943739
5943747
5943751
5943752
5943755
5943766
5943768
5943773
5943777
5943779
5943781
5943783
5943802
5943805
5943806
5943810
5943824
5943844
5943861
5943862
5943873
5943875
5943882
5943885
5943898
5943904
5943907
5943911
5943944
5943946
5943950
5943959
5943960
5943961
5943962
5943991
5943992
5943994
5943995
5943999
5944002
5944003
5944004
5944005
5944008
5944014
5944036
5944038
5944043
5944045
5944050
5944051
5944054
5944055
5944062
5944063
5944071
5944072
5944073
5944074
5944077
5944088
5944089
5944100
5944101
5944102
5944103
5944108
5944124
5944128
5944130
5944136
5944142
5944143
5944151
5944152
5944153
5944154
5944155
5944163
5944171
5944177
5944183
5944185
5944191
5944193
5944199
5944209
5944211
5944239
5944242
5944249
5944258
5944259
5944261
5944270
5944280
5944291
5944292
5944293
5944294
5944298
5944302
5944308
5953203
5953204
5953205
5953206
5953209
5953213
5953214
5953217
5953235
5953236
5953237
5953238
5953244
5953245
5953249
5953250
5953251
5953252
5953253
5953257
5953258
5953263
5953265
5953270
5953272
5953275
5953276
5953277
5953279
5953288
5953291
5953292
5953296
5953297
5953298
5953299
5953300
5953301
5953305
5953306
5953310
5953313
5953314
5953316
5953322
5953323
5953326
5953329
5953330
5953331
5953339
5953343
5953345
5953359
5953363
5953364
5953370
5953373
5953380
5953381
5953382
5953390
5953391
5953392
5953394
5953395
5953397
5953400
5953401
5953403
5953404
5953406
5953408
5953409
5953410
5953412
5953414
5953415
5953417
5953420
5953423
5953431
5953446
5953454
5953470
5953473
5953493
5953494
5953505
5953520
5953531
5953532
5953533
5953535
5953536
5953537
5953540
5953541
5953543
5953549
5953550
5953553
5953559
5953562
5953570
5953600
5953601
5953606
5953611
5953613
5953632
5953642
5953645
5953646
5953647
5953648
5953649
5953650
5953651
5953655
5953658
5953668
5953674
5953683
5953686
5953691
5953696
5953699
5953700
5953701
5953702
5953704
5953705
5953706
5953708
5953710
5953711
5953715
5953720
5953727
5953728
5953735
5953739
5953742
5953745
5953748
5953754
5953758
5953780
5953784
5953786
5953787
5953789
5953792
5953796
5953797
5953802
5953803
5953816
5953820
5953823
5953824
5953825
5953826
5953827
5953830
5953832
5953833
5953861
5953865
5953867
5953887
5953895
5953898
5953915
5953916
5953924
5953927
5953937
5953962
5953963
5953965
5953970
5953973
5953974
5953976
5953977
5953979
5953980
5953993
5953997
5954001
5954010
5954020
5954022
5954025
5954026
5954028
5954034
5954036
5954045
5954049
5954051
5954062
5954063
5954068
5954069
5954071
5954080
5954084
5954093
5954094
5954099
5954107
5954111
5954112
5954115
5954126
5954133
5954137
5954139
5954143
5954163
5954166
5954167
5954185
5954205
5954222
5954223
5954234
5954236
5954243
5954259
5954267
5954270
5954274
5954281
5954307
5954312
5954321
5954323
5954325
5954351
5954352
5954355
5954356
5954363
5954365
5954367
5954369
5954375
5954397
5954399
5954404
5954406
5954407
5954410
5954416
5954425
5954426
5954427
5954428
5954431
5954442
5954443
5954454
5954455
5954456
5954457
5954459
5954462
5954463
5954478
5954482
5954484
5954490
5954496
5954497
5954504
5954505
5954506
5954507
5954515
5954523
5954528
5954534
5954536
5954544
5954550
5954558
5954560
5954562
5954590
5954593
5954600
5954609
5954610
5954612
5954621
5954631
5954644
5954648
5956011
5956012
5956013
5956014
5956016
5956020
5956021
5956024
5956042
5956043
5956044
5956045
5956051
5956052
5956056
5956057
5956058
5956059
5956060
5956064
5956065
5956066
5956067
5956069
5956071
5956074
5956081
5956082
5956083
5956088
5956090
5956093
5956094
5956095
5956097
5956106
5956107
5956109
5956110
5956112
5956113
5956116
5956121
5956122
5956123
5956127
5956128
5956130
5956131
5956132
5956134
5956140
5956141
5956144
5956159
5956166
5956167
5956168
5956176
5956180
5956181
5956182
5956196
5956201
5956207
5956210
5956213
5956214
5956218
5956219
5956220
5956227
5956228
5956229
5956231
5956232
5956234
5956237
5956238
5956240
5956241
5956242
5956243
5956246
5956248
5956249
5956250
5956252
5956254
5956255
5956257
5956260
5956265
5956271
5956282
5956284
5956289
5956297
5956313
5956316
5956317
5956336
5956337
5956348
5956363
5956366
5956374
5956375
5956376
5956377
5956378
5956379
5956380
5956383
5956384
5956386
5956393
5956397
5956403
5956406
5956409
5956414
5956431
5956444
5956445
5956450
5956455
5956457
5956458
5956476
5956486
5956487
5956488
5956489
5956490
5956491
5956492
5956493
5956494
5956495
5956502
5956512
5956518
5956527
5956528
5956529
5956530
5956533
5956536
5956541
5956544
5956545
5956547
5956550
5956551
5956553
5956555
5956556
5956560
5956561
5956564
5956566
5956574
5956581
5956585
5956588
5956601
5956606
5956609
5956610
5956612
5956618
5956622
5956623
5956643
5956647
5956649
5956650
5956652
5956655
5956659
5956660
5956665
5956666
5956679
5956681
5956682
5956683
5956684
5956687
5956688
5956690
5956692
5956693
5956695
5956696
5956726
5956728
5956729
5956730
5956739
5956740
5956742
5956743
5956744
5956745
5956747
5956749
5956750
5956764
5956772
5956775
5956792
5956793
5956801
5956804
5956813
5956838
5956839
5956841
5956855
5956868
5956869
5956873
5956884
5956892
5956895
5956897
5956900
5956909
5956911
5956920
5956924
5956926
5956938
5956939
5956940
5956942
5956951
5956956
5956964
5956965
5956967
5956970
5956978
5956982
5956983
5956984
5956986
5956995
5956997
5956999
5957004
5957008
5957010
5957012
5957033
5957036
5957037
5957041
5957055
5957075
5957092
5957093
5957104
5957106
5957113
5957116
5957129
5957135
5957142
5957145
5957148
5957149
5957172
5957173
5957177
5957179
5957183
5957192
5957193
5957205
5957221
5957222
5957224
5957225
5957230
5957233
5957234
5957235
5957236
5957239
5957245
5957267
5957269
5957274
5957281
5957282
5957285
5957286
5957295
5957296
5957305
5957306
5957310
5957321
5957322
5957333
5957334
5957335
5957336
5957338
5957341
5957342
5957357
5957361
5957363
5957369
5957375
5957376
5957384
5957385
5957393
5957401
5957407
5957413
5957415
5957421
5957423
5957429
5957437
5957439
5957441
5957469
5957472
5957474
5957479
5957488
5957489
5957491
5957500
5957510
5957522
5957523
5957524
5957525
5957529
5957533
5957540
5957545
597592
5990979
5990980
5990981
5990983
5990988
5990991
5991009
5991010
5991012
5991018
5991019
5991023
5991024
5991029
5991036
5991037
5991039
5991040
5991041
5991046
5991048
5991052
5991053
5991055
5991064
5991065
5991067
5991071
5991078
5991079
5991085
5991094
5991098
5991099
5991100
5991114
5991127
5991129
5991130
5991134
5991141
5991142
5991143
5991145
5991146
5991148
5991152
5991155
5991156
5991159
5991160
5991163
5991169
5991171
5991173
5991174
5991176
5991179
5991182
5991187
5991206
5991210
5991214
5991242
5991243
5991288
5991291
5991298
5991299
5991300
5991302
5991303
5991304
5991307
5991325
5991331
5991332
5991334
5991337
5991342
5991351
5991352
5991361
5991375
5991380
5991383
5991408
5991411
5991413
5991414
5991416
5991424
5991449
5991451
5991454
5991457
5991465
5991466
5991480
5991488
5991499
5991505
5991514
5991518
5991538
5991542
5991544
5991550
5991555
5991560
5991561
5991574
5991575
5991578
5991608
5991625
5991633
5991652
5991653
5991654
5991662
5991699
5991711
5991712
5991726
5991738
5991743
5991749
5991751
5991757
5991767
5991780
5991797
5991805
5991806
5991811
5991819
5991824
5991827
5991836
5991838
5991840
5991845
5991874
5991878
5991892
5991897
5991934
5991935
5991936
5991945
5991947
5991948
5991949
5991956
5991957
5992005
5992022
5992047
5992066
5992067
5992069
5992070
5992077
5992078
5992079
5992115
5992120
5992127
5992132
5992136
5992137
5992147
5992151
5992161
5992162
5992174
5992176
5992178
5992181
5992201
5992204
5992206
5992212
5992218
5992219
5992227
5992233
5992248
5992249
5992270
5992272
5992297
5992313
5992314
5992316
5992324
5992338
5992352
5992354
5992376
5992388
5992404
5998225
5998226
5998227
5998228
5998231
5998236
5998240
5998241
5998252
5998261
5998262
5998263
5998265
5998269
5998270
5998274
5998275
5998281
5998283
5998290
5998299
5998300
5998302
5998303
5998311
5998312
5998316
5998324
5998325
5998327
5998334
5998335
5998336
5998339
5998342
5998343
5998346
5998352
5998356
5998357
5998358
5998372
5998376
5998377
5998383
5998390
5998391
5998392
5998400
5998402
5998404
5998405
5998407
5998410
5998411
5998413
5998414
5998416
5998419
5998420
5998422
5998424
5998427
5998430
5998433
5998456
5998462
5998478
5998481
5998482
5998499
5998500
5998511
5998522
5998525
5998533
5998535
5998536
5998539
5998542
5998543
5998552
5998555
5998561
5998564
5998581
5998606
5998611
5998613
5998614
5998632
5998640
5998641
5998642
5998643
5998644
5998645
5998646
5998654
5998663
5998668
5998677
5998680
5998681
5998685
5998688
5998691
5998693
5998695
5998696
5998697
5998698
5998701
5998708
5998715
5998716
5998722
5998724
5998727
5998728
5998730
5998735
5998759
5998763
5998765
5998766
5998767
5998770
5998774
5998775
5998787
5998788
5998793
5998822
5998827
5998831
5998833
5998851
5998852
5998860
5998864
5998865
5998882
5998883
5998891
5998895
5998897
5998906
5998930
5998931
5998939
5998940
5998962
5998963
5998971
5998979
5998986
5998988
5998991
5999001
5999008
5999030
5999042
5999046
5999049
5999056
5999062
5999070
5999075
5999089
5999093
5999104
5999126
5999129
5999147
5999182
5999183
5999193
5999195
5999203
5999211
5999218
5999226
5999233
5999237
5999241
5999248
5999263
5999267
5999278
5999279
5999281
5999308
5999309
5999316
5999318
5999320
5999322
5999326
5999328
5999335
5999353
5999355
5999360
5999367
5999372
5999383
5999397
5999398
5999405
5999408
5999409
5999410
5999411
5999413
5999414
5999427
5999433
5999435
5999440
5999447
5999449
5999457
5999459
5999460
5999462
5999468
5999475
5999480
5999490
5999496
5999498
5999504
5999513
5999515
5999519
5999550
5999564
5999565
5999566
5999574
5999581
5999596
5999598
5999599
5999603
6003215
6003216
6003217
6003220
6003224
6003246
6003248
6003249
6003255
6003260
6003261
6003262
6003263
6003264
6003269
6003274
6003276
6003281
6003283
6003288
6003290
6003299
6003300
6003319
6003324
6003325
6003333
6003334
6003337
6003341
6003342
6003356
6003375
6003381
6003391
6003392
6003393
6003401
6003402
6003403
6003405
6003406
6003408
6003411
6003412
6003414
6003417
6003420
6003421
6003423
6003428
6003483
6003484
6003503
6003533
6003542
6003543
6003545
6003546
6003547
6003553
6003561
6003564
6003570
6003581
6003611
6003612
6003617
6003622
6003643
6003655
6003656
6003658
6003659
6003710
6003711
6003719
6003721
6003727
6003732
6003739
6003740
6003751
6003754
6003757
6003760
6003766
6003770
6003796
6003798
6003804
6003814
6003815
6003828
6003842
6003845
6003875
6003897
6003920
6003923
6003941
6003949
6003962
6004017
6004018
6004042
6004043
6004045
6004048
6004057
6004074
6004085
6004086
6004087
6004098
6004103
6004117
6004151
6004155
6004159
6004239
6004240
6004251
6004253
6004260
6004284
6004339
6004344
6004372
6004374
6004375
6004388
6004416
6004418
6004430
6004431
6004443
6004469
6004480
6004481
6004485
6004488
6004489
6004504
6004508
6004510
6004522
6004541
6004549
6004560
6004562
6004568
6004570
6004576
6004586
6004588
6004616
6004635
6004636
6004638
6004647
6004670
6004671
6015724
6015725
6015726
6015727
6015733
6015734
6015737
6015755
6015756
6015757
6015758
6015764
6015769
6015770
6015773
6015777
6015778
6015780
6015781
6015788
6015794
6015796
6015801
6015803
6015807
6015808
6015810
6015819
6015820
6015822
6015831
6015838
6015843
6015844
6015845
6015853
6015854
6015857
6015871
6015879
6015880
6015881
6015893
6015895
6015909
6015913
6015914
6015920
6015926
6015927
6015932
6015933
6015942
6015943
6015945
6015946
6015948
6015951
6015952
6015954
6015956
6015960
6015963
6015964
6015966
6015968
6015969
6015974
6015978
6015984
6016007
6016023
6016026
6016046
6016058
6016076
6016084
6016085
6016086
6016088
6016089
6016090
6016094
6016104
6016107
6016113
6016116
6016124
6016155
6016160
6016165
6016168
6016186
6016196
6016198
6016199
6016200
6016201
6016202
6016204
6016212
6016222
6016240
6016243
6016254
6016255
6016258
6016259
6016265
6016271
6016274
6016276
6016283
6016284
6016311
6016316
6016319
6016320
6016322
6016328
6016332
6016355
6016362
6016367
6016371
6016377
6016378
6016391
6016394
6016401
6016403
6016405
6016408
6016437
6016451
6016460
6016475
6016483
6016504
6016512
6016524
6016549
6016550
6016579
6016580
6016584
6016606
6016608
6016611
6016621
6016647
6016648
6016649
6016651
6016660
6016665
6016666
6016680
6016688
6016692
6016694
6016696
6016705
6016707
6016714
6016720
6016722
6016743
6016765
6016802
6016803
6016812
6016821
6016824
6016839
6016845
6016883
6016887
6016889
6016902
6016930
6016931
6016941
6016942
6016947
6016975
6016982
6016989
6016990
6017003
6017004
6017018
6017030
6017042
6017043
6017045
6017048
6017049
6017069
6017077
6017083
6017084
6017100
6017112
6017118
6017120
6017129
6017135
6017145
6017147
6017178
6017195
6017196
6017207
6017217
6017229
6017231
6017236
6017252
6041766
6041767
6041768
6041772
6041777
6041781
6041782
6041792
6041801
6041803
6041809
6041814
6041821
6041823
6041826
6041830
6041839
6041842
6041851
6041855
6041856
6041861
6041864
6041865
6041867
6041874
6041875
6041879
6041882
6041886
6041892
6041896
6041912
6041916
6041923
6041930
6041931
6041932
6041940
6041942
6041944
6041945
6041947
6041950
6041951
6041953
6041954
6041956
6041958
6041962
6041964
6041967
6041970
6041973
6041981
6041995
6042003
6042017
6042020
6042036
6042037
6042048
6042058
6042061
6042069
6042070
6042073
6042075
6042078
6042079
6042087
6042088
6042091
6042097
6042100
6042107
6042117
6042126
6042140
6042146
6042151
6042153
6042154
6042173
6042183
6042184
6042187
6042189
6042190
6042191
6042192
6042196
6042199
6042206
6042212
6042221
6042224
6042226
6042229
6042237
6042238
6042239
6042241
6042243
6042247
6042250
6042253
6042255
6042258
6042265
6042267
6042270
6042273
6042278
6042282
6042301
6042304
6042306
6042307
6042308
6042311
6042312
6042317
6042329
6042332
6042336
6042337
6042346
6042347
6042374
6042375
6042377
6042379
6042400
6042409
6042412
6042429
6042430
6042438
6042442
6042454
6042471
6042472
6042473
6042478
6042479
6042480
6042481
6042484
6042486
6042487
6042503
6042504
6042508
6042512
6042530
6042532
6042535
6042537
6042543
6042549
6042553
6042555
6042574
6042577
6042586
6042591
6042592
6042600
6042606
6042612
6042615
6042616
6042631
6042635
6042638
6042666
6042667
6042670
6042683
6042701
6042717
6042718
6042728
6042730
6042737
6042740
6042755
6042757
6042763
6042766
6042770
6042796
6042798
6042806
6042813
6042815
6042817
6042819
6042820
6042831
6042844
6042850
6042857
6042863
6042869
6042874
6042892
6042894
6042899
6042901
6042902
6042911
6042920
6042923
6042936
6042943
6042947
6042948
6042949
6042951
6042965
6042971
6042973
6042978
6042984
6042985
6042986
6042993
6042994
6042996
6043002
6043009
6043014
6043022
6043029
6043031
6043037
6043046
6043048
6043077
6043080
6043088
6043096
6043097
6043098
6043106
6043113
6043117
6043130
6043131
6049801
6049802
6049805
6049828
6049829
6049838
6049839
6049842
6049846
6049847
6049852
6049853
6049858
6049860
6049864
6049865
6049877
6049879
6049901
6049902
6049912
6049919
6049932
6049933
6049934
6049953
6049967
6049976
6049977
6049978
6049980
6049986
6049989
6049990
6049992
6049995
6049996
6049998
6050001
6050006
6050030
6050071
6050107
6050108
6050109
6050110
6050111
6050114
6050115
6050123
6050127
6050133
6050136
6050175
6050180
6050206
6050214
6050217
6050220
6050235
6050237
6050242
6050266
6050280
6050294
6050308
6050313
6050337
6050341
6050344
6050351
6050352
6050400
6050411
6050416
6050454
6050471
6050472
6050480
6050484
6050495
6050518
6050521
6050552
6050566
6050573
6050575
6050588
6050601
6050624
6050656
6050671
6050687
6050712
6050729
6050765
6050783
6050800
6050815
6050848
6050861
6050862
6050887
6050888
6050893
6050897
6050900
6050906
6050910
6050937
6050939
6050944
6050951
6050952
6050964
6050972
6050989
6050996
6050999
6051001
6051047
6051051
6051052
6051065
6051076
6051088
6051103
6051105
6051109
6051140
6051155
6051164
6051189
6051190
6051204
6051497
6051498
6051527
6051541
6051542
6051546
6051554
6051555
6051559
6051566
6051570
6051573
6051582
6051588
6051589
6051596
6051597
6051600
6051632
6051646
6051647
6051661
6051662
6051664
6051665
6051669
6051674
6051675
6051690
6051692
6051693
6051698
6051701
6051705
6051711
6051737
6051745
6051755
6051777
6051806
6051815
6051817
6051818
6051819
6051822
6051837
6051840
6051895
6051920
6051922
6051966
6052011
6052030
6052052
6052075
6052121
6052175
6052187
6052224
6052225
6052264
6052295
6052304
6052332
6052336
6052340
6052387
6052430
6052448
6052459
6052461
6052532
6052536
6052542
6052632
6052649
6052663
6052687
6052737
6052743
6052805
6052823
6052834
6052841
6060295
6060296
6060299
6060322
6060331
6060332
6060334
6060335
6060339
6060340
6060342
6060343
6060357
6060369
6060380
6060381
6060383
6060384
6060406
6060408
6060417
6060420
6060439
6060443
6060446
6060452
6060456
6060457
6060472
6060477
6060483
6060487
6060491
6060492
6060508
6060511
6060512
6060514
6060522
6060523
6060524
6060526
6060529
6060534
6060538
6060558
6060578
6060621
6060624
6060633
6060634
6060637
6060641
6060654
6060701
6060741
6060744
6060746
6060747
6060769
6060789
6060792
6060811
6060813
6060820
6060827
6060832
6060833
6060840
6060865
6060869
6060881
6060896
6060901
6060929
6060944
6060953
6060979
6060999
6061000
6061027
6061039
6061100
6061110
6061117
6061120
6061123
6061133
6061160
6061177
6061190
6061199
6061207
6061225
6061228
6061231
6061234
6061255
6061258
6061259
6061312
6061322
6061328
6061330
6061389
6061453
6061460
6061478
6061480
6061492
6061493
6061517
6061531
6061532
6061547
6061570
6061575
6061584
6061620
6061626
6061628
6061643
6061645
6061684
6061701
6061702
6061706
6093405
6093406
6093438
6093439
6093442
6093446
6093458
6093479
6093496
6093511
6093534
6093553
6093560
6093567
6093588
6093593
6093631
6093639
6093672
6093727
6093754
6093763
6093827
6093873
6093880
6093907
6093910
6094185
6094304
6094308
6094312
6094381
6094511
6094599
6094676
6094678
6094747
6095868
6095869
6095877
6095904
6095905
6095923
6095926
6095944
6095947
6095960
6095961
6096016
6096039
6096054
6096057
6096111
6096130
6096331
6096358
6096462
6096495
6096679
6096777
6096788
6096802
6096892
6096977
6097032
6097125
6097126
6097127
6097128
6097131
6097135
6097136
6097139
6097148
6097157
6097158
6097160
6097166
6097171
6097172
6097175
6097179
6097185
6097187
6097192
6097194
6097201
6097210
6097213
6097216
6097217
6097218
6097223
6097224
6097225
6097229
6097230
6097232
6097235
6097236
6097238
6097244
6097245
6097248
6097252
6097253
6097261
6097265
6097266
6097281
6097285
6097286
6097292
6097295
6097301
6097302
6097303
6097311
6097313
6097315
6097316
6097318
6097321
6097322
6097324
6097325
6097327
6097329
6097330
6097331
6097333
6097335
6097336
6097338
6097341
6097344
6097352
6097375
6097392
6097395
6097413
6097414
6097425
6097440
6097443
6097451
6097453
6097454
6097457
6097460
6097461
6097469
6097470
6097473
6097479
6097482
6097504
6097517
6097522
6097527
6097529
6097549
6097558
6097562
6097563
6097564
6097566
6097567
6097574
6097583
6097589
6097598
6097600
6097601
6097606
6097611
6097614
6097616
6097619
6097620
6097621
6097623
6097625
6097630
6097632
6097634
6097637
6097645
6097649
6097652
6097655
6097658
6097664
6097668
6097687
6097690
6097692
6097693
6097695
6097698
6097702
6097703
6097708
6097722
6097723
6097725
6097726
6097728
6097731
6097732
6097734
6097735
6097738
6097739
6097767
6097770
6097791
6097799
6097802
6097819
6097820
6097828
6097831
6097841
6097863
6097864
6097866
6097872
6097873
6097880
6097893
6097894
6097898
6097902
6097911
6097919
6097922
6097925
6097934
6097936
6097950
6097952
6097968
6097971
6097979
6097984
6097993
6097999
6098008
6098012
6098013
6098021
6098023
6098024
6098026
6098030
6098039
6098044
6098045
6098064
6098068
6098086
6098105
6098122
6098123
6098133
6098135
6098142
6098144
6098163
6098166
6098170
6098174
6098205
6098216
6098218
6098237
6098242
6098250
6098251
6098252
6098253
6098255
6098261
6098283
6098285
6098290
6098293
6098300
6098312
6098315
6098326
6098337
6098338
6098339
6098341
6098357
6098361
6098366
6098374
6098382
6098383
6098384
6098385
6098386
6098394
6098402
6098417
6098424
6098426
6098427
6098433
6098441
6098443
6098445
6098471
6098474
6098481
6098490
6098491
6098492
6098500
6098509
6098520
6098522
6098523
6098528
6103316
6103350
6103351
6103354
6103374
6103390
6103400
6103435
6103436
6103439
6103461
6103462
6103475
6103496
6103506
6103511
6103522
6103527
6103543
6103548
6103655
6103731
6103768
6103810
6103815
6103849
6103864
6103901
6104033
6104079
6104139
6104157
6104180
6104196
6104250
6104289
6104325
6104333
6104365
6104397
6104476
6104501
6104508
6104525
6104549
6104550
6104587
6104626
6104632
6104660
6104712
6104713
6104749
6139184
6139187
6139635
6148777
6148779
6148787
6148809
6148811
6148812
6148818
6148823
6148824
6148827
6148839
6148844
6148846
6148863
6148887
6148888
6148900
6148917
6148919
6148938
6148954
6148968
6148983
6148985
6148993
6149094
6149104
6149105
6149169
6149174
6149179
6149201
6149210
6149213
6149225
6149240
6149251
6149257
6149262
6149265
6149276
6149282
6149290
6149304
6149316
6149320
6149354
6149360
6149464
6149485
6149531
6149563
6149585
6149610
6149653
6149658
6149667
6149679
6149684
6149744
6149780
6149781
6149873
6149952
6149984
6150031
6150057
6150095
6150114
6150171
6150180
6158570
6158571
6158599
6158613
6158614
6158617
6158624
6158639
6158640
6158645
6158647
6158651
6158652
6158663
6158666
6158689
6158697
6158701
6158714
6158719
6158724
6158757
6158758
6158772
6158795
6158881
6158893
6158897
6158900
6158901
6158905
6158906
6158931
6158979
6158988
6159020
6159023
6159024
6159026
6159095
6159139
6159149
6159180
6159195
6159255
6159263
6159302
6159319
6159320
6159340
6159398
6159416
6159424
6159433
6159444
6159505
6159517
6159518
6159520
6159582
6159613
6159632
6159744
6159746
6159784
6159791
6159804
6159813
6159814
6159828
6159829
6159838
6159859
6159865
6159873
6159880
6159899
6159948
6159950
6159979
6159997
6159999
6160009
6160035
6160054
6175557
6175558
6175559
6175560
6175563
6175567
6175568
6175571
6175589
6175590
6175592
6175598
6175603
6175604
6175605
6175606
6175607
6175611
6175617
6175619
6175624
6175626
6175631
6175633
6175642
6175643
6175645
6175646
6175657
6175662
6175664
6175667
6175668
6175676
6175677
6175680
6175683
6175684
6175685
6175693
6175694
6175695
6175709
6175714
6175715
6175724
6175729
6175732
6175733
6175743
6175744
6175746
6175747
6175749
6175752
6175753
6175755
6175756
6175758
6175760
6175761
6175762
6175764
6175766
6175767
6175769
6175772
6175775
6175783
6175798
6175806
6175821
6175824
6175825
6175844
6175845
6175856
6175873
6175884
6175885
6175886
6175887
6175890
6175893
6175894
6175902
6175903
6175906
6175912
6175915
6175918
6175923
6175953
6175954
6175959
6175964
6175985
6175993
6175994
6175995
6175996
6175997
6175998
6175999
6176000
6176003
6176005
6176008
6176014
6176016
6176030
6176033
6176034
6176038
6176043
6176046
6176048
6176050
6176051
6176052
6176053
6176055
6176057
6176066
6176073
6176081
6176085
6176087
6176093
6176099
6176103
6176123
6176127
6176129
6176130
6176132
6176135
6176139
6176140
6176143
6176144
6176157
6176158
6176161
6176163
6176165
6176166
6176167
6176169
6176170
6176171
6176173
6176174
6176201
6176203
6176208
6176211
6176234
6176237
6176254
6176255
6176276
6176299
6176300
6176302
6176307
6176309
6176330
6176338
6176355
6176356
6176358
6176361
6176370
6176372
6176380
6176384
6176386
6176403
6176404
6176406
6176415
6176419
6176427
6176428
6176430
6176433
6176441
6176445
6176449
6176460
6176463
6176468
6176472
6176474
6176476
6176478
6176498
6176501
6176502
6176518
6176538
6176555
6176556
6176566
6176568
6176575
6176591
6176592
6176598
6176601
6176605
6176612
6176637
6176641
6176651
6176652
6176653
6176681
6176686
6176690
6176693
6176695
6176697
6176699
6176704
6176728
6176730
6176735
6176737
6176738
6176741
6176747
6176756
6176757
6176758
6176759
6176762
6176781
6176782
6176783
6176785
6176786
6176801
6176805
6176810
6176816
6176817
6176824
6176825
6176826
6176827
6176828
6176836
6176843
6176854
6176856
6176864
6176866
6176867
6176873
6176882
6176884
6176886
6176911
6176912
6176915
6176925
6176933
6176934
6176936
6176944
6176965
6176966
6176968
6176971
6195219
6195263
6195306
6195319
6195640
6195875
6196054
6196450
6225846
6225847
6225848
6225849
6225852
6225856
6225857
6225860
6225874
6225881
6225882
6225883
6225885
6225889
6225890
6225895
6225897
6225902
6225904
6225908
6225909
6225911
6225918
6225922
6225925
6225926
6225927
6225935
6225939
6225941
6225948
6225957
6225961
6225964
6225965
6225969
6225974
6225975
6225983
6225984
6225985
6225987
6225988
6225993
6225994
6225996
6225997
6225999
6226001
6226002
6226003
6226005
6226007
6226010
6226013
6226015
6226022
6226039
6226055
6226058
6226059
6226061
6226062
6226072
6226084
6226092
6226097
6226106
6226113
6226114
6226115
6226117
6226119
6226122
6226123
6226128
6226131
6226137
6226140
6226148
6226157
6226164
6226181
6226183
6226197
6226198
6226200
6226201
6226202
6226203
6226205
6226207
6226213
6226223
6226225
6226227
6226228
6226231
6226236
6226239
6226240
6226241
6226243
6226248
6226250
6226253
6226255
6226258
6226260
6226265
6226284
6226286
6226287
6226288
6226292
6226299
6226300
6226310
6226313
6226316
6226320
6226327
6226330
6226331
6226339
6226360
6226377
6226389
6226393
6226406
6226407
6226412
6226414
6226418
6226422
6226438
6226439
6226448
6226452
6226461
6226462
6226463
6226470
6226478
6226479
6226490
6226494
6226502
6226512
6226513
6226515
6226517
6226518
6226519
6226523
6226527
6226535
6226539
6226541
6226543
6226544
6226545
6226566
6226570
6226576
6226580
6226588
6226591
6226602
6226604
6226605
6226610
6226613
6226624
6226627
6226638
6226655
6226659
6226667
6226668
6226678
6226680
6226687
6226702
6226706
6226711
6226738
6226746
6226754
6226755
6226756
6226780
6226781
6226782
6226786
6226789
6226790
6226793
6226797
6226817
6226821
6226823
6226828
6226833
6226837
6226838
6226846
6226853
6226855
6226870
6226873
6226887
6226893
6226894
6226896
6226905
6226906
6226913
6226914
6226915
6226917
6226923
6226930
6226933
6226936
6226942
6226948
6226952
6226959
6226962
6226964
6226966
6226968
6226983
6226990
6227000
6227009
6227013
6227014
6227016
6227025
6227031
6227034
6227047
6227048
6227049
6232210
6232211
6232212
6232213
6232216
6232220
6232221
6232224
6232242
6232243
6232244
6232245
6232251
6232252
6232256
6232257
6232258
6232259
6232260
6232264
6232265
6232270
6232271
6232272
6232277
6232279
6232282
6232283
6232284
6232286
6232295
6232296
6232298
6232299
6232301
6232302
6232316
6232320
6232321
6232323
6232329
6232330
6232333
6232337
6232338
6232346
6232347
6232348
6232362
6232368
6232374
6232377
6232382
6232385
6232386
6232387
6232395
6232396
6232397
6232399
6232400
6232402
6232405
6232406
6232408
6232409
6232411
6232413
6232414
6232415
6232417
6232419
6232420
6232422
6232425
6232429
6232435
6232450
6232458
6232473
6232476
6232477
6232496
6232497
6232508
6232525
6232528
6232536
6232537
6232538
6232539
6232541
6232542
6232545
6232546
6232548
6232555
6232559
6232576
6232606
6232607
6232612
6232617
6232619
6232620
6232638
6232646
6232647
6232648
6232649
6232650
6232651
6232652
6232653
6232656
6232658
6232661
6232667
6232673
6232682
6232683
6232684
6232685
6232687
6232690
6232695
6232698
6232699
6232700
6232701
6232705
6232709
6232715
6232718
6232720
6232727
6232728
6232735
6232739
6232744
6232745
6232747
6232753
6232757
6232777
6232781
6232783
6232784
6232789
6232793
6232797
6232798
6232811
6232814
6232815
6232824
6232825
6232827
6232828
6232855
6232857
6232869
6232870
6232893
6232901
6232904
6232921
6232922
6232930
6232933
6232943
6232966
6232967
6232969
6233002
6233006
6233012
6233013
6233015
6233018
6233026
6233031
6233035
6233039
6233043
6233045
6233058
6233060
6233069
6233073
6233074
6233082
6233083
6233085
6233088
6233096
6233100
6233101
6233102
6233115
6233117
6233118
6233123
6233127
6233130
6233132
6233151
6233154
6233155
6233159
6233168
6233173
6233193
6233210
6233211
6233221
6233223
6233230
6233233
6233245
6233246
6233247
6233253
6233256
6233260
6233264
6233297
6233306
6233308
6233309
6233310
6233313
6233343
6233344
6233351
6233353
6233354
6233357
6233362
6233386
6233388
6233393
6233395
6233400
6233401
6233412
6233413
6233422
6233423
6233427
6233438
6233439
6233449
6233450
6233451
6233452
6233454
6233455
6233470
6233474
6233479
6233486
6233487
6233494
6233495
6233496
6233497
6233498
6233506
6233513
6233518
6233524
6233526
6233534
6233536
6233537
6233543
6233552
6233554
6233556
6233585
6233595
6233603
6233604
6233606
6233614
6233623
6233635
6233636
6233637
6233638
6233639
6233642
6233646
6233651
6235849
6235850
6235851
6235852
6235858
6235859
6235862
6235880
6235883
6235894
6235895
6235897
6235898
6235902
6235903
6235905
6235919
6235920
6235921
6235926
6235928
6235931
6235933
6235935
6235944
6235945
6235947
6235948
6235951
6235968
6235970
6235972
6235978
6235979
6235982
6235991
6235997
6236001
6236004
6236005
6236006
6236014
6236015
6236016
6236030
6236035
6236036
6236042
6236045
6236048
6236049
6236051
6236054
6236055
6236056
6236064
6236065
6236068
6236069
6236071
6236074
6236075
6236077
6236079
6236083
6236085
6236086
6236087
6236089
6236091
6236092
6236094
6236097
6236101
6236107
6236121
6236129
6236167
6236179
6236199
6236208
6236209
6236210
6236211
6236212
6236216
6236230
6236247
6236264
6236277
6236278
6236283
6236288
6236291
6236317
6236320
6236323
6236332
6236364
6236367
6236368
6236370
6236378
6236382
6236383
6236394
6236402
6236408
6236411
6236432
6236434
6236440
6236444
6236463
6236467
6236472
6236475
6236479
6236480
6236484
6236485
6236498
6236501
6236507
6236511
6236512
6236515
6236542
6236544
6236556
6236557
6236560
6236587
6236607
6236608
6236616
6236619
6236629
6236653
6236654
6236656
6236660
6236686
6236689
6236693
6236698
6236706
6236709
6236723
6236727
6236733
6236748
6236763
6236771
6236772
6236785
6236805
6236811
6236813
6236816
6236840
6236854
6236859
6236896
6236897
6236906
6236908
6236915
6236932
6236946
6236978
6236987
6236998
6237027
6237029
6237034
6237037
6237048
6237079
6237086
6237100
6237101
6237109
6237112
6237115
6237133
6237135
6237200
6237208
6237219
6237234
6237236
6237238
6237264
6237265
6237273
6237286
6237287
6237298
6237306
6237320
6237322
6237330
6237340
6253625
6253626
6253627
6253628
6253631
6253634
6253635
6253638
6253652
6253653
6253654
6253656
6253660
6253661
6253666
6253668
6253673
6253675
6253678
6253679
6253680
6253690
6253691
6253692
6253694
6253697
6253698
6253699
6253707
6253708
6253709
6253724
6253725
6253728
6253729
6253733
6253734
6253735
6253745
6253747
6253748
6253753
6253754
6253756
6253757
6253759
6253762
6253763
6253765
6253767
6253768
6253770
6253775
6253781
6253794
6253801
6253802
6253807
6253812
6253813
6253823
6253827
6253839
6253843
6253857
6253858
6253859
6253860
6253861
6253862
6253863
6253866
6253867
6253871
6253875
6253892
6253901
6253908
6253928
6253929
6253933
6253934
6253943
6253947
6253949
6253950
6253956
6253957
6253960
6253961
6253963
6253965
6253980
6254002
6254005
6254010
6254035
6254036
6254040
6254042
6254047
6254054
6254057
6254058
6254060
6254061
6254075
6254076
6254085
6254089
6254092
6254096
6254100
6254103
6254108
6254110
6254112
6254117
6254120
6254130
6254138
6254148
6254151
6254156
6254161
6254169
6254178
6254181
6254186
6254192
6254194
6254201
6254202
6254208
6254209
6254218
6254226
6254227
6254230
6254242
6254245
6254246
6254254
6254255
6254257
6254259
6254261
6254262
6254263
6254267
6254277
6254280
6254282
6254283
6254292
6254294
6254296
6254299
6254302
6254305
6254306
6254323
6254324
6254329
6254330
6254332
6254334
6254340
6254341
6254343
6254345
6254350
6254355
6254356
6254358
6254366
6254375
6254378
6254379
6254386
6254394
6254396
6254399
6254411
6254412
6254414
6254416
6254418
6254425
6254427
6254428
6272421
6272452
6272463
6272464
6272469
6272475
6272476
6272477
6272480
6272481
6272488
6272492
6272493
6272505
6272511
6272519
6272526
6272534
6272535
6272536
6272550
6272561
6272567
6272569
6272581
6272582
6272595
6272610
6272618
6272693
6272731
6272732
6272783
6272784
6272790
6272793
6272807
6272812
6272814
6272815
6272838
6272841
6272844
6272899
6272973
6272992
6272993
6272996
6273047
6273050
6273068
6273079
6273159
6273167
6273212
6273217
6273225
6273245
6273251
6273256
6273281
6273285
6273339
6273348
6273352
6273392
6273434
6273534
6273544
6273552
6273553
6273554
6273555
6273558
6273600
6273601
6273629
6273657
6273694
6273708
6273712
6273713
6273722
6273729
6273735
6273762
6273773
6279338
6279339
6279340
6279345
6279347
6279348
6279351
6279364
6279365
6279368
6279372
6279373
6279378
6279379
6279380
6279385
6279387
6279390
6279392
6279402
6279403
6279404
6279406
6279409
6279410
6279411
6279419
6279420
6279421
6279436
6279437
6279440
6279441
6279445
6279446
6279459
6279465
6279466
6279469
6279471
6279474
6279475
6279477
6279491
6279504
6279510
6279516
6279521
6279522
6279532
6279536
6279546
6279549
6279553
6279569
6279570
6279571
6279572
6279573
6279581
6279585
6279591
6279602
6279611
6279637
6279638
6279643
6279652
6279656
6279657
6279659
6279663
6279666
6279668
6279670
6279683
6279691
6279710
6279713
6279733
6279734
6279743
6279744
6279748
6279750
6279762
6279765
6279766
6279784
6279793
6279797
6279801
6279805
6279809
6279812
6279817
6279822
6279825
6279835
6279840
6279841
6279844
6279852
6279854
6279857
6279864
6279879
6279881
6279889
6279895
6279897
6279900
6279904
6279905
6279911
6279912
6279916
6279928
6279929
6279932
6279943
6279954
6279955
6279956
6279958
6279962
6279963
6279964
6279967
6279977
6279980
6279982
6279983
6279984
6279985
6279991
6279998
6280002
6280005
6280006
6280018
6280031
6280034
6280041
6280042
6280044
6280046
6280051
6280056
6280059
6280063
6280067
6280076
6280079
6280096
6280098
6280101
6280105
6280113
6280114
6280116
6280118
6280127
6280129
6280131
6288172
6288173
6288174
6288175
6288177
6288181
6288200
6288207
6288208
6288211
6288215
6288216
6288226
6288232
6288234
6288239
6288241
6288244
6288246
6288260
6288261
6288262
6288264
6288287
6288288
6288300
6288302
6288317
6288320
6288323
6288324
6288328
6288334
6288342
6288343
6288348
6288351
6288352
6288354
6288356
6288360
6288362
6288363
6288364
6288366
6288369
6288371
6288374
6288376
6288383
6288400
6288416
6288451
6288462
6288471
6288472
6288475
6288493
6288505
6288510
6288519
6288526
6288543
6288561
6288562
6288563
6288567
6288570
6288592
6288599
6288604
6288607
6288608
6288610
6288611
6288612
6288616
6288618
6288620
6288621
6288624
6288626
6288630
6288636
6288638
6288645
6288646
6288649
6288653
6288656
6288657
6288659
6288661
6288666
6288668
6288669
6288673
6288675
6288678
6288687
6288688
6288689
6288691
6288694
6288695
6288696
6288699
6288704
6288708
6288709
6288710
6288723
6288728
6288731
6288732
6288742
6288743
6288750
6288751
6288753
6288754
6288756
6288759
6288762
6288765
6288768
6288769
6288770
6288771
6288773
6288774
6288779
6288781
6288784
6288789
6288805
6288811
6288816
6288821
6288824
6288825
6288832
6288851
6288855
6288859
6288862
6288873
6288880
6288881
6288882
6288883
6288884
6288885
6288888
6288889
6288894
6288896
6288898
6288907
6288908
6288910
6288915
6288918
6288923
6288924
6288925
6288931
6288935
6288937
6288941
6288948
6288950
6288952
6288962
6288964
6288965
6288966
6288967
6288970
6288971
6288972
6288975
6288976
6288977
6288983
6288987
6288990
6288991
6288993
6288994
6288995
6288997
6288998
6289001
6289002
6289004
6289005
6289006
6289009
6289010
6289011
6289013
6289016
6289026
6289030
6289035
6289057
6289058
6289065
6289068
6289070
6289071
6289075
6289077
6289085
6289098
6289101
6289110
6289120
6289128
6289130
6289141
6289143
6289145
6289146
6289148
6289149
6289151
6289153
6289155
6289157
6289158
6289172
6289176
6289177
6289187
6289189
6289190
6289191
6289195
6289197
6289200
6289211
6289215
6289221
6289222
6289248
6289255
6289256
6289261
6289273
6289285
6289286
6289289
6289295
6289298
6289299
6289300
6289306
6289307
6289308
6289309
6289310
6289312
6289316
6289318
6289322
6289323
6289324
6289327
6289335
6289337
6289338
6289345
6289348
6289349
6289359
6289360
6289362
6289363
6289365
6289371
6289376
6289388
6289390
6289391
6289400
6289403
6289407
6289408
6289410
6289418
6289429
6289441
6289442
6289453
6289458
6289460
6289463
6289467
6289469
6289472
6289478
6289493
6289496
6289499
6289530
6289576
6289577
6289579
6289583
6289605
6289609
6289618
6289630
6289638
6289644
6289660
6289663
6289664
6289667
6289682
6289688
6289689
6289700
6289701
6289708
6289709
6289711
6289712
6289718
6289725
6289728
6289737
6289751
6289762
6289764
6289779
6289794
6289808
6289811
6289812
6289821
6289827
6289830
6289842
6289844
6289847
6316922
6316923
6316924
6316925
6316927
6316933
6316947
6316950
6316951
6316953
6316954
6316959
6316961
6316975
6316976
6316977
6316982
6316984
6316989
6316999
6317000
6317001
6317003
6317017
6317019
6317025
6317026
6317027
6317035
6317036
6317037
6317052
6317053
6317057
6317061
6317062
6317072
6317073
6317075
6317081
6317082
6317084
6317086
6317090
6317093
6317094
6317096
6317099
6317101
6317104
6317106
6317133
6317139
6317140
6317150
6317169
6317183
6317184
6317185
6317187
6317188
6317189
6317192
6317193
6317195
6317197
6317201
6317218
6317227
6317234
6317254
6317256
6317259
6317263
6317273
6317274
6317285
6317286
6317288
6317311
6317324
6317325
6317331
6317344
6317346
6317347
6317348
6317349
6317350
6317371
6317373
6317374
6317378
6317380
6317382
6317384
6317387
6317389
6317391
6317413
6317414
6317420
6317441
6317452
6317456
6317458
6317461
6317464
6317466
6317474
6317492
6317496
6317503
6317505
6317507
6317517
6317519
6317526
6317530
6317550
6317554
6317559
6317560
6317563
6317564
6317579
6317582
6317594
6317602
6317606
6317611
6317612
6317626
6317629
6317639
6317640
6317644
6317645
6317646
6317652
6317653
6317675
6317688
6317702
6317711
6317715
6317718
6317730
6317734
6317741
6317745
6317754
6317755
6317761
6317763
6319140
6319141
6319142
6319143
6319146
6319149
6319150
6319153
6319167
6319168
6319169
6319170
6319171
6319175
6319176
6319181
6319183
6319188
6319190
6319194
6319195
6319205
6319206
6319207
6319209
6319212
6319213
6319214
6319222
6319223
6319224
6319239
6319240
6319243
6319244
6319257
6319258
6319259
6319264
6319270
6319271
6319273
6319276
6319277
6319279
6319282
6319289
6319295
6319308
6319316
6319321
6319322
6319332
6319336
6319347
6319351
6319365
6319366
6319367
6319370
6319371
6319374
6319377
6319383
6319392
6319424
6319433
6319434
6319437
6319439
6319448
6319452
6319453
6319454
6319458
6319464
6319465
6319468
6319469
6319471
6319473
6319486
6319502
6319503
6319509
6319550
6319552
6319553
6319557
6319559
6319570
6319574
6319575
6319588
6319602
6319609
6319617
6319619
6319622
6319626
6319634
6319646
6319649
6319655
6319656
6319659
6319674
6319681
6319704
6319710
6319713
6319718
6319719
6319725
6319734
6319742
6319745
6319756
6319767
6319768
6319769
6319775
6319776
6319777
6319781
6319788
6319789
6319793
6319796
6319802
6319809
6319810
6319813
6319814
6319817
6319821
6319836
6319837
6319838
6319845
6319849
6319855
6319856
6319860
6319865
6319870
6319872
6319876
6319878
6319890
6319904
6319905
6319909
6319917
6319921
6319929
6319930
6319933
6319934
6319935
6322545
6322575
6322576
6322589
6322593
6322600
6322618
6322626
6322672
6322673
6322674
6322679
6322681
6322686
6322687
6322730
6322817
6322838
6322842
6322886
6322912
6322936
6322947
6322948
6322989
6322991
6322995
6323019
6323020
6323047
6323085
6323100
6323116
6323132
6323184
6323195
6323229
6323241
6323288
6323300
6323420
6323452
6323463
6323488
6323533
6323540
6323583
6323589
6323626
6323661
6344510
6344511
6344512
6344517
6344521
6344536
6344541
6344542
6344543
6344544
6344545
6344549
6344550
6344552
6344566
6344568
6344573
6344575
6344580
6344590
6344591
6344592
6344594
6344595
6344601
6344606
6344607
6344609
6344617
6344618
6344626
6344627
6344628
6344642
6344648
6344649
6344653
6344657
6344658
6344659
6344668
6344669
6344671
6344672
6344674
6344677
6344680
6344686
6344689
6344690
6344692
6344695
6344700
6344707
6344718
6344723
6344724
6344729
6344739
6344743
6344752
6344755
6344759
6344773
6344774
6344775
6344782
6344783
6344785
6344808
6344817
6344852
6344854
6344855
6344869
6344878
6344880
6344882
6344923
6344925
6344927
6344932
6344956
6344957
6344966
6344969
6344973
6344992
6344998
6345004
6345012
6345036
6345043
6345047
6345051
6345053
6345056
6345059
6345061
6345064
6345069
6345084
6345089
6345090
6345093
6345102
6345112
6345114
6345121
6345127
6345134
6345154
6345155
6345158
6345159
6345170
6345199
6345200
6345203
6345213
6345216
6345230
6345239
6345278
6345284
6345290
6345292
6345323
6345330
6345331
6345334
6345339
6345350
6345352
6345355
6345359
6347242
6347243
6347244
6347254
6347267
6347268
6347271
6347283
6347290
6347306
6347307
6347313
6347314
6347324
6347344
6347345
6347348
6347349
6347352
6347363
6347364
6347369
6347375
6347382
6347384
6347387
6347452
6347468
6347469
6347470
6347471
6347478
6347540
6347541
6347546
6347555
6347571
6347574
6347659
6347671
6347730
6347764
6347782
6347804
6347835
6347862
6347883
6347893
6347894
6347901
6347903
6347922
6347946
6347948
6347955
6347969
6347981
6348026
6348042
6348044
6350489
6350490
6350499
6350513
6350516
6350517
6350521
6350527
6350529
6350530
6350534
6350539
6350541
6350546
6350556
6350557
6350558
6350560
6350564
6350572
6350573
6350574
6350590
6350598
6350599
6350611
6350616
6350622
6350637
6350640
6350682
6350683
6350712
6350727
6350747
6350795
6350798
6350812
6350813
6350814
6350818
6350850
6350870
6350887
6350888
6350900
6350933
6350938
6350952
6350984
6350991
6351001
6351029
6351037
6351042
6351044
6351045
6351064
6351067
6351120
6351126
6351132
6351152
6351155
6351161
6351163
6351168
6351217
6351233
6351234
6351239
6378453
6378454
6378455
6378461
6378464
6378479
6378484
6378485
6378497
6378498
6378507
6378509
6378525
6378526
6378541
6378542
6378556
6378562
6378567
6378572
6378643
6378679
6378694
6378767
6378867
6378873
6378883
6379032
6379033
6379060
6379061
6379131
6379184
6379185
68874
68875
68877
68884
68886
69239
69242
69278
69304
69306
69620
71291
71387
72086
72203
72613
72764
72766
73857
73884
73885
73886
73887
73890
73893
73894
73923
73929
73933
73942
74160
74752
75067
75072
75153
75157
75158
75205
75892
75893
76002
76005
76009
774815
870392
877300
879415
881907
888590
909733
912446
912497
913531
917937
927802
975155
975871
977225
982772
983169
983189
983231
983705
983712
